0	8069.70
1	6949.54
2	6022.32
3	5931.83
4	4784.02
5	4820.23
6	4755.69
7	4648.52
8	4064.70
9	4064.70
10	4077.95
11	4077.95
12	4077.95
13	4077.95
14	4039.50
15	3988.30
16	3972.84
17	3972.84
18	3946.35
19	3946.35
20	3946.35
21	3893.80
22	3893.80
23	3762.24
24	3743.15
25	3743.15
26	3838.03
27	3724.08
28	3669.94
29	3694.15
30	3620.75
31	3620.75
32	3544.18
33	3544.18
34	3374.73
35	3349.84
36	3349.84
37	3349.84
38	3560.94
39	3560.94
40	3551.74
41	3525.98
42	3470.36
43	3430.29
44	3430.29
45	3430.29
46	3430.29
47	3430.29
48	3430.29
49	3426.55
50	3426.55
51	3426.55
52	3382.57
53	3382.57
54	3426.26
55	3454.26
56	3454.26
57	3454.26
58	3454.26
59	3454.26
60	3454.26
61	3358.11
