0	14790,44
1	13313,88
2	13220,76
3	13247,67
4	11111,95
5	11111,95
6	9777,48
7	8274,43
8	7788,94
9	7788,94
10	7639,79
11	7688,46
12	7688,46
13	7658,18
14	7572,38
15	7572,38
16	7470,36
17	7508,37
18	7508,37
19	7421,21
20	7421,21
21	7421,21
22	7573,67
23	7573,67
24	7573,67
25	7497,75
26	7326,78
27	7235,12
28	7361,95
29	7191,13
30	7115,21
31	7115,21
32	7158,99
33	7158,99
34	7079,94
35	7079,94
36	7186,01
37	7186,01
38	7186,01
39	7157,30
40	7077,29
41	7077,29
42	7077,29
43	7144,07
44	6975,30
45	6975,30
46	6975,30
47	6931,47
48	6818,72
49	6790,79
50	6790,79
51	6790,79
52	6790,79
53	6740,06
54	6623,52
55	6623,52
56	6623,52
57	6533,59
58	6501,83
59	6501,83
60	6501,83
61	6427,27
62	6427,27
63	6427,27
64	6427,27
65	6427,27
66	6427,27
67	6427,27
68	6427,27
69	6388,41
70	6367,28
71	6367,28
72	6367,28
73	6367,28
74	6367,28
75	6367,28
76	6367,28
77	6338,24
78	6338,24
79	6338,24
80	6338,24
81	6338,24
82	6338,24
83	6338,24
84	6338,24
85	6338,24
86	6338,24
87	6326,41
88	6314,05
89	6314,05
90	6314,05
91	6314,05
92	6314,05
93	6314,05
94	6314,05
95	6314,05
96	6314,05
97	6275,19
98	6275,19
99	6275,19
100	6275,19
101	6275,19
102	6275,19
103	6275,19
104	6275,19
105	6275,19
106	6275,19
107	6215,15
108	6180,31
109	6180,31
110	6180,31
111	6180,31
112	6170,41
113	6170,41
114	6161,08
115	6102,40
116	6102,40
117	6102,40
118	6102,40
119	6102,40
120	6102,40
121	6070,36
122	6070,36
123	6063,10
124	6034,03
125	6033,76
126	6033,76
127	6033,76
128	6033,76
129	6033,76
130	6033,76
131	6028,01
132	6028,01
133	6028,01
134	6028,01
135	6028,01
136	6005,34
137	6005,34
138	6005,34
139	6005,34
140	6005,34
141	6005,34
142	6005,34
143	6005,34
144	6005,34
145	6005,34
146	6005,34
147	6005,34
148	6005,34
149	6005,34
150	6005,34
151	5992,52
152	5992,52
153	5992,52
154	5992,52
155	5992,52
156	5992,52
157	5987,19
158	5987,19
159	5987,19
160	5987,19
161	5987,19
162	5987,19
163	5987,19
164	5987,19
165	5987,19
166	5987,19
167	5987,19
168	5987,19
169	5987,19
170	5987,19
171	5987,19
172	5987,19
173	5987,19
174	5924,76
175	5924,76
176	5888,03
177	5888,03
178	5842,74
179	5842,74
180	5842,74
181	5842,74
182	5842,74
183	5833,39
184	5827,65
185	5826,62
186	5826,62
187	5826,62
188	5826,62
189	5826,62
190	5801,90
191	5801,90
192	5801,90
193	5796,86
194	5796,86
195	5780,18
196	5780,18
197	5780,18
198	5757,05
199	5757,05
200	5757,05
201	5757,05
202	5757,05
203	5757,05
204	5757,05
205	5757,05
206	5757,05
207	5757,05
208	5757,05
209	5757,05
210	5728,51
211	5706,74
212	5706,74
213	5683,57
214	5683,57
215	5683,57
216	5683,57
217	5665,35
218	5665,35
219	5665,35
220	5665,35
221	5665,35
222	5665,35
223	5665,35
224	5665,35
225	5665,35
226	5665,35
227	5650,84
228	5633,68
229	5619,17
230	5593,04
231	5593,04
232	5589,85
233	5589,85
234	5589,85
235	5589,55
236	5572,52
237	5572,52
238	5572,52
239	5572,52
240	5572,52
241	5572,52
242	5572,52
243	5572,52
244	5572,52
245	5572,52
246	5572,52
247	5572,52
248	5564,75
249	5553,40
250	5543,90
251	5543,32
252	5543,32
253	5543,32
254	5538,66
255	5506,68
256	5506,68
257	5506,68
258	5506,68
259	5506,68
260	5506,68
261	5506,68
262	5506,68
263	5506,68
264	5474,85
265	5474,85
266	5474,85
267	5432,97
268	5432,97
269	5432,97
270	5412,12
271	5412,12
272	5412,12
273	5412,12
274	5412,12
275	5412,12
276	5411,75
277	5411,75
278	5411,75
279	5411,75
280	5411,75
281	5411,75
282	5411,75
283	5411,75
284	5411,75
285	5411,75
286	5411,75
287	5411,75
288	5411,75
289	5411,75
290	5411,75
291	5411,75
292	5411,75
293	5411,75
294	5411,75
295	5411,75
296	5409,41
297	5409,41
298	5409,41
299	5407,55
300	5407,55
301	5407,55
302	5392,11
303	5392,11
304	5392,11
305	5392,11
306	5392,11
307	5392,11
308	5392,11
309	5392,11
310	5381,23
311	5381,23
312	5381,23
313	5381,23
314	5381,23
315	5381,23
316	5381,23
317	5381,23
318	5381,23
319	5381,23
320	5381,23
321	5381,23
322	5367,14
323	5367,14
324	5367,14
325	5367,14
326	5367,14
327	5367,14
328	5367,14
329	5367,14
330	5367,14
331	5367,14
332	5367,14
333	5361,43
334	5361,43
335	5361,43
336	5361,43
337	5348,37
338	5348,37
339	5344,20
340	5344,20
341	5344,20
342	5344,20
343	5344,20
344	5311,22
345	5311,22
346	5311,22
347	5311,22
348	5311,22
349	5311,22
350	5311,22
351	5304,53
352	5304,53
353	5304,53
354	5304,53
355	5304,53
356	5278,58
357	5278,58
358	5278,58
359	5278,58
360	5278,58
361	5278,58
362	5278,58
363	5278,58
364	5276,79
365	5276,79
366	5276,79
367	5269,00
368	5269,00
369	5269,00
370	5269,00
371	5260,29
372	5260,29
373	5260,29
374	5225,74
375	5225,74
376	5225,74
377	5225,74
378	5225,74
379	5225,74
380	5224,03
381	5224,03
382	5157,48
383	5157,48
384	5157,48
385	5157,48
386	5155,76
387	5155,76
388	5155,76
389	5155,76
390	5155,76
391	5155,76
392	5155,76
393	5155,76
394	5155,76
395	5155,76
396	5155,76
397	5155,76
398	5155,76
399	5155,66
400	5155,66
401	5155,66
402	5155,66
403	5155,66
404	5155,66
405	5155,66
406	5155,66
407	5155,66
408	5155,66
409	5155,66
410	5155,66
411	5155,66
412	5155,66
413	5155,66
414	5155,66
415	5155,66
416	5155,66
417	5155,66
418	5155,66
419	5155,66
420	5155,66
421	5155,66
422	5155,66
423	5155,66
424	5155,66
425	5155,66
426	5155,66
427	5155,66
428	5256,50
429	5256,50
430	5256,50
431	5256,50
432	5256,50
433	5256,50
434	5250,31
435	5250,31
436	5250,31
437	5250,31
438	5250,31
439	5250,31
440	5250,31
441	5250,31
442	5250,31
443	5250,03
444	5250,03
445	5250,03
446	5250,03
447	5250,03
448	5250,03
449	5244,56
450	5244,56
451	5244,56
452	5244,56
453	5244,56
454	5240,62
455	5240,62
456	5240,62
457	5232,90
458	5232,90
459	5232,90
460	5232,90
461	5232,90
462	5232,90
463	5230,48
464	5230,48
465	5230,48
466	5230,48
467	5230,48
468	5230,48
469	5230,48
470	5230,48
471	5230,48
472	5230,48
473	5230,48
474	5230,48
475	5208,58
476	5208,58
477	5208,58
478	5208,58
479	5208,58
480	5208,58
481	5208,58
482	5208,58
483	5208,58
484	5208,58
485	5208,58
486	5208,58
487	5208,58
488	5208,58
489	5208,58
490	5208,58
491	5208,58
492	5208,58
493	5208,58
494	5208,58
495	5208,58
496	5208,58
497	5208,58
498	5208,58
499	5208,58
500	5208,58
501	5208,58
502	5208,58
503	5208,58
504	5208,58
505	5208,58
506	5207,68
507	5207,68
508	5207,68
509	5207,68
510	5207,68
511	5207,68
512	5207,68
513	5207,68
514	5207,68
515	5207,68
516	5207,68
517	5207,68
518	5207,68
519	5207,68
520	5207,68
521	5207,68
522	5207,68
523	5207,68
524	5207,68
525	5207,68
526	5207,68
527	5207,68
528	5207,68
529	5207,68
530	5207,68
531	5204,37
532	5204,37
533	5204,37
534	5204,37
535	5204,37
536	5204,37
537	5204,37
538	5204,37
539	5204,37
540	5204,37
541	5204,37
542	5204,37
543	5204,37
544	5204,37
545	5204,37
546	5204,37
547	5204,37
548	5204,37
549	5204,37
550	5204,37
551	5204,37
552	5204,37
553	5204,37
554	5204,37
555	5204,37
556	5204,37
557	5204,37
558	5204,37
559	5204,37
560	5204,37
561	5204,37
562	5204,37
563	5204,37
564	5204,37
565	5204,37
566	5204,37
567	5204,37
568	5204,37
569	5204,37
570	5204,37
571	5204,37
572	5204,37
573	5204,37
574	5204,37
575	5204,37
576	5204,37
577	5204,37
578	5204,37
579	5204,37
580	5204,37
581	5204,37
582	5191,54
583	5191,54
584	5191,54
585	5191,54
586	5191,54
587	5191,54
588	5191,54
589	5191,54
590	5191,54
591	5191,54
592	5191,54
593	5191,54
594	5191,54
595	5191,54
596	5191,54
597	5190,54
598	5190,54
599	5190,54
600	5190,54
601	5190,54
602	5190,54
603	5190,54
604	5190,54
605	5190,54
606	5190,54
607	5190,54
608	5190,54
609	5190,54
610	5190,54
611	5190,54
612	5188,52
613	5188,52
614	5188,52
615	5188,52
616	5188,52
617	5188,52
618	5188,52
619	5188,52
620	5188,52
621	5188,52
622	5188,52
623	5188,52
624	5188,52
625	5188,52
626	5188,52
627	5188,52
628	5188,52
629	5188,52
630	5188,52
631	5188,52
632	5188,52
633	5188,52
634	5188,52
635	5188,52
636	5188,52
637	5188,52
638	5188,52
639	5188,52
640	5188,52
641	5188,52
642	5188,52
643	5188,52
644	5188,52
645	5188,52
646	5188,52
647	5188,52
648	5188,52
649	5188,52
650	5178,73
651	5178,73
652	5178,73
653	5164,86
654	5164,86
655	5164,86
656	5164,86
657	5164,86
658	5164,86
659	5164,86
660	5164,86
661	5164,86
662	5164,86
663	5164,86
664	5164,86
665	5164,86
666	5164,86
667	5164,86
668	5164,86
669	5164,86
670	5164,86
671	5164,86
672	5164,86
673	5164,86
674	5164,86
675	5164,86
676	5164,86
677	5164,86
678	5164,86
679	5164,86
680	5164,86
681	5164,86
682	5164,86
683	5164,86
684	5164,86
685	5164,86
686	5164,86
687	5164,86
688	5164,86
689	5164,86
690	5164,86
691	5164,86
692	5164,86
693	5164,86
694	5164,86
695	5164,86
696	5164,86
697	5164,86
698	5164,86
699	5164,86
700	5164,86
701	5164,86
702	5164,86
703	5164,86
704	5164,86
705	5164,86
706	5164,86
707	5164,86
708	5164,86
709	5164,86
710	5164,86
711	5164,86
712	5164,86
713	5164,86
714	5164,86
715	5164,86
716	5164,86
717	5164,86
718	5164,86
719	5164,86
720	5164,86
721	5164,86
722	5164,86
723	5164,86
724	5164,86
725	5164,86
726	5164,86
727	5164,86
728	5164,86
729	5164,86
730	5164,86
731	5164,86
732	5164,86
733	5164,86
734	5164,86
735	5164,86
736	5164,86
737	5164,86
738	5164,86
739	5164,86
740	5164,86
741	5164,86
742	5164,86
743	5164,86
744	5164,86
745	5164,86
746	5164,86
747	5164,86
748	5164,86
749	5164,86
750	5164,86
751	5164,86
752	5164,86
753	5164,86
754	5164,86
755	5164,86
756	5164,86
757	5164,86
758	5164,86
759	5164,86
760	5164,86
761	5164,86
762	5164,86
763	5164,86
764	5164,86
765	5164,86
766	5164,86
767	5164,86
768	5164,86
769	5164,86
770	5164,86
771	5164,86
772	5164,86
773	5164,86
774	5164,86
775	5164,86
776	5164,86
777	5164,86
778	5164,86
779	5164,86
780	5164,86
781	5164,86
782	5164,86
783	5164,86
784	5164,86
785	5164,86
786	5164,86
787	5164,86
788	5161,44
789	5161,44
790	5161,44
791	5161,44
792	5161,44
793	5161,44
794	5161,44
795	5161,44
796	5161,44
797	5161,44
798	5161,44
799	5161,44
800	5161,44
801	5161,44
802	5161,44
803	5161,44
804	5161,44
805	5161,44
806	5161,44
807	5161,44
808	5161,44
809	5161,44
810	5161,44
811	5159,36
812	5159,36
813	5159,36
814	5159,36
815	5159,36
816	5159,36
817	5159,36
818	5159,36
819	5159,36
820	5159,36
821	5159,36
822	5159,36
823	5159,36
824	5159,36
825	5159,36
826	5159,36
827	5159,36
828	5159,36
829	5159,36
830	5159,36
831	5159,36
832	5159,36
833	5159,36
834	5159,36
835	5159,36
836	5159,36
837	5159,36
838	5159,36
839	5159,36
840	5159,36
841	5159,36
842	5159,36
843	5159,36
844	5159,36
845	5159,36
846	5159,36
847	5159,36
848	5159,36
849	5159,36
850	5159,36
851	5159,36
852	5159,36
853	5159,36
854	5159,36
855	5159,36
856	5159,36
857	5159,36
858	5159,36
859	5159,36
860	5159,36
861	5159,36
862	5159,36
863	5159,36
864	5159,36
865	5159,36
866	5159,36
867	5159,36
868	5159,36
869	5159,36
870	5159,36
871	5159,36
872	5159,36
873	5159,36
874	5159,36
875	5159,36
876	5159,36
877	5159,36
878	5159,36
879	5159,36
880	5159,36
881	5159,36
882	5159,36
883	5159,36
884	5159,36
885	5159,36
886	5159,36
887	5159,36
888	5159,36
889	5159,36
890	5159,36
891	5159,36
892	5159,36
893	5159,36
894	5159,36
895	5159,36
896	5159,36
897	5159,36
898	5159,36
899	5159,36
900	5159,36
901	5159,36
902	5159,36
903	5159,36
904	5159,36
905	5159,36
906	5159,36
907	5159,36
908	5159,36
909	5159,36
910	5159,36
911	5159,36
912	5159,36
913	5159,36
914	5159,36
915	5159,36
916	5159,36
917	5159,36
918	5159,36
919	5159,36
920	5159,36
921	5159,36
922	5159,36
923	5159,36
924	5159,36
925	5159,36
926	5159,36
927	5159,36
928	5159,36
929	5159,36
930	5159,36
931	5159,36
932	5159,36
933	5159,36
934	5159,36
935	5159,36
936	5159,36
937	5159,36
938	5159,36
939	5159,36
940	5159,36
941	5159,36
942	5159,36
943	5157,81
944	5157,81
945	5157,81
946	5157,81
947	5157,81
948	5157,81
949	5157,81
950	5157,81
951	5157,81
952	5157,81
953	5157,81
954	5157,81
955	5157,81
956	5157,81
957	5157,81
958	5157,81
959	5157,81
960	5157,81
961	5157,81
962	5157,81
963	5151,09
964	5151,09
965	5151,09
966	5151,09
967	5151,09
968	5151,09
969	5151,09
970	5151,09
971	5151,09
972	5151,09
973	5151,09
974	5151,09
975	5151,09
976	5151,09
977	5151,09
978	5151,09
979	5151,09
980	5151,09
981	5151,09
982	5151,09
983	5151,09
984	5151,09
985	5151,09
986	5151,09
987	5151,09
988	5151,09
989	5151,09
990	5151,09
991	5151,09
992	5151,09
993	5151,09
994	5151,09
995	5151,09
996	5151,09
997	5151,09
998	5151,09
999	5147,57
1000	5147,57
1001	5147,57
1002	5147,57
1003	5147,57
1004	5147,57
1005	5147,57
1006	5147,57
1007	5147,57
1008	5147,57
1009	5147,57
1010	5147,57
1011	5147,57
1012	5147,57
1013	5147,57
1014	5147,57
1015	5147,57
1016	5147,57
1017	5147,57
1018	5147,57
1019	5147,57
1020	5147,57
1021	5147,57
1022	5147,57
1023	5147,57
1024	5147,57
1025	5147,57
1026	5147,57
1027	5147,57
1028	5147,57
1029	5147,57
1030	5147,57
1031	5147,57
1032	5147,57
1033	5147,40
1034	5147,40
1035	5147,40
1036	5147,40
1037	5147,40
1038	5147,40
1039	5147,40
1040	5147,40
1041	5147,40
1042	5147,40
1043	5147,40
1044	5147,40
1045	5147,40
1046	5147,40
1047	5147,40
1048	5147,40
1049	5147,40
1050	5147,40
1051	5147,40
1052	5147,40
1053	5147,40
1054	5147,40
1055	5147,40
1056	5147,40
1057	5147,40
1058	5147,40
1059	5147,40
1060	5147,40
1061	5147,40
1062	5147,40
1063	5147,40
1064	5147,40
1065	5147,40
1066	5147,40
1067	5147,40
1068	5142,97
1069	5142,97
1070	5142,97
1071	5142,97
1072	5141,64
1073	5141,64
1074	5141,64
1075	5141,64
1076	5141,64
1077	5141,64
1078	5141,64
1079	5141,64
1080	5141,64
1081	5141,64
1082	5141,64
1083	5141,64
1084	5141,64
1085	5141,64
1086	5141,64
1087	5141,64
1088	5141,64
1089	5141,64
1090	5141,64
1091	5141,64
1092	5141,64
1093	5135,99
1094	5135,99
1095	5135,99
1096	5133,85
1097	5133,85
1098	5133,85
1099	5133,85
1100	5133,85
1101	5133,24
1102	5133,24
1103	5133,24
