0	17758,90
1	16703,60
2	15734,10
3	15230,51
4	14951,17
5	14951,17
6	13967,90
7	13713,97
8	12867,85
9	12867,85
10	12761,59
11	11520,09
12	11520,09
13	11322,83
14	10553,14
15	10553,14
16	9346,44
17	9341,85
18	9320,76
19	9320,76
20	9337,32
21	9243,52
22	9243,52
23	9207,75
24	9213,07
25	9181,27
26	9109,90
27	9109,90
28	9051,77
29	9089,90
30	8910,27
31	8910,27
32	8910,27
33	9031,39
34	9031,39
35	8869,16
36	8946,54
37	8946,54
38	8890,58
39	8858,77
40	8900,30
41	8853,08
42	8853,08
43	8697,11
44	8697,11
45	8614,93
46	8614,93
47	8614,93
48	8655,68
49	8616,45
50	8601,12
51	8513,52
52	8513,52
53	8590,34
54	8485,79
55	8382,72
56	8581,22
57	8552,94
58	8552,94
59	8552,94
60	8463,95
61	8463,95
62	8463,95
63	8525,91
64	8462,83
65	8462,83
66	8450,90
67	8424,71
68	8424,71
69	8424,71
70	8403,02
71	8403,02
72	8350,82
73	8350,82
74	8366,49
75	8344,36
76	8335,79
77	8323,06
78	8310,29
79	8310,29
80	8307,06
81	8307,06
82	8256,38
83	8233,07
84	8306,73
85	8236,68
86	8236,68
87	8236,68
88	8236,68
89	8212,89
90	8081,85
91	8081,85
92	8081,85
93	8131,05
94	8122,76
95	8114,61
96	8072,88
97	8072,88
98	8070,01
99	8062,14
100	7954,47
101	7954,47
102	7871,62
103	7871,62
104	7850,55
105	7815,63
106	7815,63
107	7767,70
108	7767,70
109	7749,74
110	7740,26
111	7740,26
112	7703,00
113	7703,00
114	7692,89
115	7692,89
116	7678,55
117	7678,55
118	7640,33
119	7591,36
120	7578,10
121	7578,10
122	7578,10
123	7548,90
124	7531,83
125	7499,94
126	7472,95
127	7485,73
128	7435,90
129	7416,13
130	7365,25
131	7365,25
132	7365,25
133	7359,91
134	7316,28
135	7316,28
136	7312,52
137	7308,01
138	7304,23
139	7257,07
140	7257,07
141	7217,23
142	7217,23
143	7217,23
144	7196,51
145	7196,51
146	7170,54
147	7170,54
148	7150,70
149	7150,70
150	7150,70
151	7150,70
152	7150,70
153	7118,91
154	7118,91
155	7118,91
156	7099,46
157	7093,61
158	7093,61
159	7093,61
160	7053,77
161	7053,77
162	7053,77
163	7043,70
164	7032,16
165	7032,16
166	7032,16
167	6990,96
168	6990,96
169	6922,00
170	6922,00
171	6922,00
172	6922,00
173	6922,00
174	6910,28
175	6900,89
176	6900,89
177	6900,89
178	6900,89
179	6894,74
180	6888,97
181	6888,88
182	6888,88
183	6888,88
184	6887,71
185	6875,19
186	6867,71
187	6867,71
188	6867,71
189	6859,33
190	6859,33
191	6851,56
192	6849,18
193	6849,18
194	6849,18
195	6835,46
196	6835,46
197	6834,03
198	6834,03
199	6834,03
200	6830,63
201	6830,63
202	6830,63
203	6830,63
204	6830,63
205	6830,63
206	6802,15
207	6802,15
208	6802,15
209	6796,29
210	6791,69
211	6790,52
212	6790,52
213	6790,52
214	6790,52
215	6764,67
216	6764,67
217	6764,67
218	6764,67
219	6764,67
220	6752,75
221	6750,32
222	6750,32
223	6750,32
224	6742,47
225	6742,47
226	6729,40
227	6723,94
228	6723,94
229	6723,94
230	6717,44
231	6717,44
232	6712,02
233	6712,02
234	6712,02
235	6712,02
236	6699,22
237	6699,22
238	6699,22
239	6681,70
240	6677,01
241	6671,24
242	6671,24
243	6671,24
244	6671,24
245	6671,24
246	6669,99
247	6669,99
248	6664,22
249	6664,22
250	6664,22
251	6664,22
252	6661,76
253	6661,76
254	6658,36
255	6653,92
256	6651,82
257	6651,82
258	6567,13
259	6567,13
260	6562,44
261	6562,44
262	6562,44
263	6562,44
264	6550,67
265	6550,67
266	6550,67
267	6550,67
268	6550,67
269	6550,67
270	6550,67
271	6550,67
272	6550,67
273	6545,97
274	6545,97
275	6540,15
276	6540,15
277	6526,07
278	6521,99
279	6521,99
280	6521,99
281	6521,99
282	6520,21
283	6508,30
284	6508,30
285	6508,30
286	6508,30
287	6508,30
288	6507,98
289	6507,98
290	6496,85
291	6496,85
292	6496,58
293	6476,38
294	6476,38
295	6476,38
296	6470,53
297	6470,53
298	6470,53
299	6470,53
300	6470,53
301	6470,53
302	6470,53
303	6470,53
304	6470,53
305	6470,53
306	6464,67
307	6464,67
308	6464,67
309	6464,67
310	6458,60
311	6458,60
312	6458,60
313	6458,60
314	6456,83
315	6456,83
316	6456,83
317	6456,83
318	6447,61
319	6447,61
320	6447,16
321	6447,16
322	6447,16
323	6447,16
324	6447,16
325	6447,16
326	6447,16
327	6442,47
328	6442,47
329	6442,47
330	6442,47
331	6442,47
332	6442,47
333	6428,77
334	6428,77
335	6428,77
336	6428,77
337	6428,77
338	6428,77
339	6428,77
340	6428,77
341	6428,77
342	6417,78
343	6417,78
344	6417,78
345	6417,78
346	6417,78
347	6417,78
348	6417,78
349	6417,78
350	6416,85
351	6416,85
352	6416,85
353	6416,85
354	6416,85
355	6416,85
356	6416,85
357	6416,85
358	6410,99
359	6410,99
360	6410,99
361	6410,99
362	6410,99
363	6410,99
364	6410,99
365	6410,99
366	6410,99
367	6398,63
368	6398,63
369	6398,63
370	6398,63
371	6398,63
372	6398,63
373	6398,63
374	6398,63
375	6396,85
376	6396,85
377	6396,85
378	6394,15
379	6392,78
380	6384,93
381	6384,93
382	6384,93
383	6384,93
384	6384,93
385	6384,93
386	6384,93
387	6384,93
388	6384,93
389	6384,93
390	6384,93
391	6384,93
392	6384,93
393	6384,93
394	6384,93
395	6384,93
396	6384,93
397	6376,85
398	6376,85
399	6376,85
400	6376,85
401	6375,72
402	6375,72
403	6375,72
404	6375,72
405	6375,72
406	6375,72
407	6364,93
408	6364,93
409	6364,93
410	6364,93
411	6364,93
412	6356,16
413	6356,16
414	6356,16
415	6356,16
416	6356,16
417	6356,16
418	6356,16
419	6356,16
420	6353,94
421	6353,94
422	6353,94
423	6353,94
424	6353,94
425	6345,17
426	6345,17
427	6345,17
428	6345,17
429	6345,17
430	6345,17
431	6345,17
432	6345,17
433	6345,17
434	6345,17
435	6345,17
436	6345,17
437	6345,17
438	6345,17
439	6345,17
440	6333,25
441	6333,25
442	6333,25
443	6333,25
444	6333,25
445	6333,25
446	6333,25
447	6333,25
448	6333,25
449	6333,25
450	6331,02
451	6331,02
452	6331,02
453	6331,02
454	6331,02
455	6331,02
456	6331,02
457	6331,02
458	6331,02
459	6331,02
460	6319,09
461	6319,09
462	6319,09
463	6319,09
464	6319,09
465	6309,70
466	6309,70
467	6309,70
468	6309,70
469	6309,70
470	6309,70
471	6309,70
472	6309,70
473	6309,70
474	6309,70
475	6309,70
476	6309,70
477	6309,70
478	6309,70
479	6309,70
480	6304,02
481	6304,02
482	6304,02
483	6304,02
484	6298,26
485	6298,26
486	6298,26
487	6298,26
488	6298,26
489	6298,26
490	6292,58
491	6292,58
492	6292,58
493	6292,58
494	6292,58
495	6292,58
496	6292,58
497	6292,58
498	6292,58
499	6292,58
500	6292,58
501	6286,81
502	6286,81
503	6286,81
504	6286,81
505	6286,81
506	6286,81
507	6286,81
508	6286,81
509	6286,81
510	6283,90
511	6283,90
512	6283,90
513	6283,90
514	6283,90
515	6283,90
516	6283,90
517	6283,90
518	6283,90
519	6283,90
520	6283,90
521	6283,90
522	6283,90
523	6283,90
524	6283,90
525	6283,90
526	6282,12
527	6282,12
528	6282,12
529	6282,12
530	6275,98
531	6275,98
532	6275,98
533	6275,98
534	6275,98
535	6275,98
536	6275,98
537	6275,98
538	6275,98
539	6275,98
540	6273,48
541	6273,48
542	6273,48
543	6273,48
544	6273,48
545	6273,48
546	6273,48
547	6273,48
548	6273,48
549	6273,48
550	6273,48
551	6271,70
552	6271,70
553	6271,70
554	6271,70
555	6271,70
556	6271,70
557	6271,70
558	6271,70
559	6271,70
560	6260,25
561	6260,25
562	6260,25
563	6260,25
564	6260,25
565	6260,25
566	6260,25
567	6260,25
568	6255,95
569	6255,95
570	6248,81
571	6248,81
572	6248,81
573	6241,26
574	6241,26
575	6241,26
576	6241,26
577	6241,26
578	6241,26
579	6241,26
580	6241,26
581	6241,26
582	6241,26
583	6241,26
584	6228,52
585	6228,52
586	6228,52
587	6228,52
588	6228,52
589	6228,52
590	6226,29
591	6221,37
592	6221,37
593	6221,37
594	6221,37
595	6221,37
596	6221,37
597	6221,37
598	6221,37
599	6221,37
600	6221,37
601	6221,37
602	6207,12
603	6207,12
604	6207,12
605	6207,12
606	6207,12
607	6207,12
608	6207,12
609	6207,12
610	6202,19
611	6194,37
612	6194,37
613	6194,37
614	6194,37
615	6194,37
616	6194,37
617	6194,37
618	6194,37
619	6194,37
620	6194,37
621	6194,37
622	6194,37
623	6194,37
624	6194,37
625	6194,37
626	6194,37
627	6164,53
628	6164,53
629	6164,53
630	6152,61
631	6152,61
632	6152,61
633	6152,61
634	6152,61
635	6152,61
636	6147,69
637	6147,69
638	6147,69
639	6147,69
640	6145,46
641	6145,46
642	6145,46
643	6145,46
644	6145,46
645	6143,68
646	6143,68
647	6143,68
648	6143,68
649	6129,34
650	6129,34
651	6129,34
652	6124,17
653	6124,17
654	6124,17
655	6114,75
656	6114,75
657	6114,75
658	6114,75
659	6106,47
660	6106,47
661	6106,47
662	6106,47
663	6106,47
664	6106,47
665	6106,47
666	6106,47
667	6106,47
668	6106,47
669	6106,47
670	6104,61
671	6104,61
672	6104,61
673	6104,61
674	6102,83
675	6102,83
676	6102,83
677	6102,83
678	6102,83
679	6102,83
680	6085,69
681	6085,69
682	6085,69
683	6085,69
684	6085,69
685	6085,69
686	6085,69
687	6085,69
688	6085,69
689	6085,69
690	6074,24
691	6074,24
692	6074,24
693	6074,24
694	6074,24
695	6074,24
696	6074,24
697	6074,24
698	6074,24
699	6074,24
700	6072,18
701	6072,18
702	6072,18
703	6072,18
704	6072,18
705	6072,18
706	6072,18
707	6072,18
708	6072,18
709	6072,18
710	6060,73
711	6060,73
712	6060,73
713	6060,73
714	6060,73
715	6060,73
716	6060,73
717	6060,73
718	6060,73
719	6060,73
720	6060,49
721	6060,49
722	6060,49
723	6060,49
724	6060,49
725	6060,49
726	6060,49
727	6060,49
728	6060,49
729	6058,86
730	6058,86
731	6058,86
732	6058,86
733	6058,86
734	6058,86
735	6058,86
736	6058,86
737	6058,86
738	6058,86
739	6058,86
740	6053,09
741	6053,09
742	6053,09
743	6053,09
744	6053,09
745	6053,09
746	6053,09
747	6053,09
748	6053,09
749	6053,09
750	6049,74
751	6049,74
752	6049,74
753	6049,74
754	6049,74
755	6049,74
756	6049,74
757	6049,74
758	6049,74
759	6049,74
760	6049,74
761	6049,74
762	6049,74
763	6049,74
764	6049,74
765	6049,74
766	6049,74
767	6047,96
768	6047,96
769	6047,96
770	6042,51
771	6038,44
772	6038,44
773	6038,44
774	6036,66
775	6036,66
776	6036,66
777	6036,66
778	6036,66
779	6036,66
780	6036,66
781	6036,66
782	6036,66
783	6036,66
784	6036,66
785	6036,66
786	6036,66
787	6036,66
788	6036,66
789	6036,66
790	6031,96
791	6031,96
792	6031,96
793	6031,96
794	6031,96
795	6031,96
796	6031,96
797	6031,96
798	6031,96
799	6031,96
800	6031,96
801	6031,96
802	6031,96
803	6031,96
804	6031,96
805	6031,96
806	6031,96
807	6031,96
808	6031,96
809	6031,96
810	6029,46
811	6029,46
812	6029,46
813	6029,46
814	6029,46
815	6029,46
816	6029,46
817	6029,46
818	6029,46
819	6029,46
820	6021,54
821	6021,54
822	6021,54
823	6021,54
824	6021,54
825	6021,54
826	6021,54
827	6009,18
828	6009,18
829	6009,18
830	6009,18
831	6009,18
832	6009,18
833	6009,18
834	6009,18
835	6009,18
836	6009,18
837	6009,18
838	6009,18
839	6009,18
840	6009,18
841	6009,18
842	6009,18
843	6009,18
844	6009,18
845	6009,18
846	6009,18
847	6009,18
848	6009,18
849	6009,18
850	6009,18
851	6009,18
852	6009,18
853	6009,18
854	6009,18
855	6009,18
856	6009,18
857	6009,18
858	6009,18
859	6009,18
860	6004,49
861	6004,49
862	6004,49
863	6004,49
864	6004,49
865	6004,49
866	6004,49
867	6004,49
868	6004,49
869	6004,49
870	6001,55
871	6001,55
872	6001,55
873	6001,55
874	5999,77
875	5999,77
876	5999,77
877	5999,77
878	5999,77
879	5999,77
880	5995,78
881	5995,78
882	5995,78
883	5995,78
884	5995,78
885	5995,78
886	5995,78
887	5990,66
888	5988,14
889	5988,14
890	5988,14
891	5988,14
892	5982,29
893	5982,29
894	5982,29
895	5982,29
896	5982,29
897	5982,29
898	5982,29
899	5982,29
900	5980,61
901	5980,61
902	5980,61
903	5980,61
904	5972,24
905	5972,24
906	5972,24
907	5972,24
908	5972,24
909	5972,24
910	5972,24
911	5972,24
912	5972,24
913	5972,24
914	5972,24
915	5972,24
916	5972,24
917	5972,24
918	5972,24
919	5972,24
920	5972,24
921	5972,24
922	5972,24
923	5972,24
924	5972,24
925	5972,24
926	5972,24
927	5972,24
928	5972,24
929	5972,24
930	5972,24
931	5972,24
932	5972,24
933	5972,24
934	5972,24
935	5972,24
936	5972,24
937	5972,24
938	5972,24
939	5972,24
940	5960,32
941	5960,32
942	5960,32
943	5960,32
944	5960,32
945	5960,32
946	5960,32
947	5960,32
948	5960,32
949	5960,32
950	5960,32
951	5960,32
952	5960,32
953	5960,32
954	5960,32
955	5960,32
956	5960,32
957	5960,32
958	5960,32
959	5960,32
960	5960,32
961	5960,32
962	5960,32
963	5960,32
964	5960,32
965	5960,32
966	5960,32
967	5960,32
968	5960,32
969	5960,32
970	5960,32
971	5960,32
972	5960,32
973	5960,32
974	5947,95
975	5947,95
976	5947,95
977	5947,95
978	5947,95
979	5947,95
980	5947,95
981	5947,95
982	5947,95
983	5947,95
984	5947,95
985	5947,95
986	5947,95
987	5947,95
988	5947,95
989	5947,95
990	5946,67
991	5946,67
992	5946,67
993	5946,67
994	5946,67
995	5946,67
996	5946,67
997	5946,67
998	5946,67
999	5946,67
1000	5946,67
1001	5946,67
1002	5946,67
1003	5946,67
1004	5946,67
1005	5946,67
1006	5946,67
1007	5946,67
1008	5946,67
1009	5946,67
1010	5946,67
1011	5946,67
1012	5946,67
1013	5946,67
1014	5946,67
1015	5946,67
1016	5946,67
1017	5946,67
1018	5946,67
1019	5946,67
1020	5935,23
1021	5935,23
1022	5935,23
1023	5935,23
1024	5935,23
1025	5935,23
1026	5935,23
1027	5935,23
1028	5935,23
1029	5935,23
1030	5935,23
1031	5935,23
1032	5935,23
1033	5935,23
1034	5935,23
1035	5935,23
1036	5935,23
1037	5935,23
1038	5935,23
1039	5935,23
1040	5935,23
1041	5935,23
1042	5935,23
1043	5935,23
1044	5935,23
1045	5935,23
1046	5923,78
1047	5923,78
1048	5923,78
1049	5923,78
1050	5923,78
1051	5923,78
1052	5923,78
1053	5923,78
1054	5923,78
1055	5923,78
1056	5923,78
1057	5923,78
1058	5923,78
1059	5923,78
1060	5923,78
1061	5923,78
1062	5923,78
1063	5923,78
1064	5923,78
1065	5923,78
1066	5923,78
1067	5923,78
1068	5923,78
1069	5923,78
1070	5923,78
1071	5923,78
1072	5923,78
1073	5923,78
1074	5923,78
1075	5923,78
1076	5923,78
1077	5923,78
1078	5923,78
1079	5923,78
1080	5923,78
1081	5923,78
1082	5923,78
1083	5923,78
1084	5923,78
1085	5923,78
1086	5923,78
1087	5923,78
1088	5923,78
1089	5923,78
1090	5923,78
1091	5923,78
1092	5923,78
1093	5923,78
1094	5923,78
1095	5923,78
1096	5923,78
1097	5923,78
1098	5923,78
1099	5923,78
1100	5919,06
1101	5919,06
1102	5919,06
1103	5919,06
1104	5919,06
1105	5919,06
1106	5919,06
1107	5919,06
1108	5919,06
1109	5919,06
1110	5919,06
1111	5919,06
1112	5919,06
1113	5919,06
1114	5919,06
1115	5919,06
1116	5919,06
1117	5919,06
1118	5919,06
1119	5919,06
1120	5910,04
1121	5910,04
1122	5910,04
1123	5910,04
1124	5910,04
1125	5910,04
1126	5910,04
1127	5910,04
1128	5910,04
1129	5910,04
1130	5906,59
1131	5906,59
1132	5906,59
1133	5906,59
1134	5906,59
1135	5906,59
1136	5906,59
1137	5906,59
1138	5906,59
1139	5906,59
1140	5906,59
1141	5906,59
1142	5906,59
1143	5906,59
1144	5906,59
1145	5906,59
1146	5906,59
1147	5906,59
1148	5906,59
1149	5906,59
1150	5906,59
1151	5906,59
1152	5906,59
1153	5906,59
1154	5906,59
1155	5906,59
1156	5906,59
1157	5906,59
1158	5906,59
1159	5906,59
1160	5906,59
1161	5906,59
1162	5906,59
1163	5906,59
1164	5906,59
1165	5906,59
1166	5906,59
1167	5906,59
1168	5906,59
1169	5906,59
1170	5906,59
1171	5906,59
1172	5906,59
1173	5906,59
1174	5906,59
1175	5906,59
1176	5906,59
1177	5906,59
1178	5906,59
1179	5906,59
1180	5906,59
1181	5906,59
1182	5906,59
1183	5906,59
1184	5906,59
1185	5906,59
1186	5906,59
1187	5906,59
1188	5906,59
1189	5906,59
1190	5906,59
1191	5906,59
1192	5906,59
1193	5906,59
1194	5906,59
1195	5906,59
1196	5906,59
1197	5906,59
1198	5906,59
1199	5906,59
1200	5906,59
1201	5906,59
1202	5906,59
1203	5906,59
1204	5906,59
1205	5906,59
1206	5906,59
1207	5906,59
1208	5906,59
1209	5906,59
1210	5906,59
1211	5906,59
1212	5906,59
1213	5906,59
1214	5906,59
1215	5906,59
1216	5906,59
1217	5906,59
1218	5906,59
1219	5906,59
1220	5906,59
1221	5906,59
1222	5906,59
1223	5906,59
1224	5906,59
1225	5906,59
1226	5906,59
1227	5906,59
1228	5906,59
1229	5906,59
1230	5906,59
1231	5906,59
1232	5906,59
1233	5906,59
1234	5906,59
1235	5906,59
1236	5906,59
1237	5906,59
1238	5906,59
1239	5906,59
1240	5906,59
1241	5906,59
1242	5906,59
1243	5906,59
1244	5906,59
1245	5906,59
1246	5906,59
1247	5906,59
1248	5906,59
1249	5906,59
1250	5906,59
1251	5906,59
1252	5906,59
1253	5906,59
1254	5906,59
1255	5906,59
1256	5906,59
1257	5906,59
1258	5906,59
1259	5906,59
1260	5904,93
1261	5904,93
1262	5904,93
1263	5904,93
1264	5904,93
1265	5904,93
1266	5904,93
1267	5904,93
1268	5904,93
1269	5904,93
1270	5904,93
1271	5904,93
1272	5904,93
1273	5904,93
1274	5903,15
1275	5903,15
1276	5903,15
1277	5903,15
1278	5903,15
1279	5903,15
1280	5903,15
1281	5903,15
1282	5903,15
1283	5903,15
1284	5903,15
1285	5903,15
1286	5903,15
1287	5903,15
1288	5903,15
1289	5903,15
1290	5903,15
1291	5903,15
1292	5903,15
1293	5903,15
1294	5903,15
1295	5903,15
1296	5903,15
1297	5903,15
1298	5903,15
1299	5903,15
1300	5898,43
1301	5898,43
1302	5898,43
1303	5898,43
1304	5898,43
1305	5898,43
1306	5898,43
1307	5898,43
1308	5898,43
1309	5898,43
1310	5898,43
1311	5898,43
1312	5898,43
1313	5898,43
1314	5898,43
1315	5898,43
1316	5898,43
1317	5898,43
1318	5898,43
1319	5898,43
1320	5898,43
1321	5898,43
1322	5898,43
1323	5898,43
1324	5898,43
1325	5898,43
1326	5898,43
1327	5898,43
1328	5898,43
1329	5898,43
1330	5898,43
1331	5898,43
1332	5898,43
1333	5898,43
1334	5898,43
1335	5898,43
1336	5898,43
1337	5898,43
1338	5898,43
1339	5898,43
1340	5898,43
1341	5898,43
1342	5898,43
1343	5898,43
1344	5898,43
1345	5898,43
1346	5898,43
1347	5898,43
1348	5898,43
1349	5898,43
1350	5898,43
