0	946,42
1	907,40
2	907,40
3	894,56
4	877,00
5	874,27
6	874,27
7	873,18
8	872,74
9	855,67
10	863,33
11	872,43
12	865,99
13	865,99
14	872,43
15	837,52
16	843,22
17	834,32
18	818,69
19	825,19
20	825,19
21	825,19
22	825,19
23	841,08
24	843,22
25	813,32
26	813,32
27	813,32
28	813,32
29	813,32
30	804,42
31	804,42
32	781,31
33	781,31
34	781,31
35	781,31
36	781,31
37	781,31
38	772,74
39	772,74
40	771,11
41	771,11
42	771,11
43	769,80
44	769,80
45	769,80
46	766,87
47	766,87
48	766,87
49	766,87
50	766,87
51	766,87
52	766,87
53	760,92
54	760,92
55	760,92
56	760,92
57	752,90
58	752,90
59	752,90
60	752,90
61	747,90
62	747,90
63	747,90
64	747,90
65	747,90
66	747,90
67	747,90
68	747,90
69	747,90
70	747,90
71	747,90
72	744,98
73	744,98
74	744,98
75	744,98
76	744,98
77	744,98
78	744,98
79	744,98
80	730,93
81	730,93
82	729,05
83	729,05
84	729,05
85	729,05
86	729,05
87	729,05
88	729,05
89	729,05
90	729,05
91	729,05
92	729,05
93	727,88
94	727,88
95	727,88
96	722,52
97	722,52
98	722,52
99	722,52
100	722,52
101	721,56
102	717,09
103	717,09
104	714,27
105	714,27
106	714,27
107	714,27
108	714,27
109	714,27
110	714,27
111	714,27
112	714,27
113	714,27
114	714,27
115	713,31
116	713,31
117	708,96
118	704,95
119	704,95
120	704,95
121	704,95
122	704,95
123	704,95
124	704,95
125	704,95
126	704,95
127	701,03
128	701,03
129	701,03
130	701,03
131	701,03
132	701,03
133	701,03
134	701,03
135	696,40
136	696,40
137	696,40
138	696,40
139	696,40
140	696,40
141	696,40
142	696,40
143	696,40
144	696,40
145	696,40
146	695,45
147	691,70
148	687,66
149	687,66
150	687,66
151	687,66
152	687,66
153	687,66
154	686,37
155	686,37
156	681,46
157	681,46
158	681,46
159	681,46
160	681,46
161	680,50
162	680,50
163	680,50
164	680,50
165	679,67
166	679,67
167	679,67
168	679,67
169	679,67
170	679,67
171	679,67
172	679,67
173	679,67
174	672,90
175	672,90
176	672,90
177	672,90
178	672,90
179	672,90
180	672,90
181	672,90
182	672,90
183	672,90
184	672,90
185	672,90
186	672,90
187	672,90
188	672,90
189	672,90
190	672,90
191	672,90
192	672,90
193	672,90
194	672,90
195	672,90
196	672,90
197	672,90
198	672,90
199	672,90
200	672,90
201	679,61
202	679,61
203	679,61
204	679,61
205	679,61
206	679,61
207	688,57
208	688,57
209	688,57
210	713,06
211	713,06
212	703,12
213	703,12
214	703,12
215	703,12
216	703,12
217	702,31
218	702,31
219	702,31
220	702,31
221	702,31
222	702,31
223	702,31
224	702,31
225	696,72
226	696,72
227	696,72
228	696,72
229	696,72
230	674,84
231	674,84
232	674,84
233	674,84
234	674,84
235	674,84
236	674,84
237	674,84
238	674,84
239	674,84
240	674,84
241	674,84
242	674,84
243	674,84
244	674,84
245	669,25
246	669,25
247	669,25
248	669,25
249	669,25
250	669,25
251	669,25
252	669,25
253	669,25
254	669,25
255	668,18
256	668,18
257	668,18
258	668,18
259	668,18
260	668,18
261	668,18
262	668,18
263	668,18
264	668,18
265	668,18
266	668,18
267	667,28
268	667,28
269	667,28
270	667,28
271	667,28
272	667,28
273	667,28
274	667,28
275	667,28
276	667,28
277	667,20
278	667,20
279	667,20
280	662,81
281	662,81
282	662,81
283	667,20
284	667,20
285	667,20
286	662,01
287	662,01
288	662,01
289	662,01
290	662,01
291	660,54
292	662,01
293	662,01
294	662,01
295	662,01
296	654,94
297	654,94
298	654,94
299	654,94
300	654,94
301	654,94
302	654,94
303	654,94
304	654,46
305	654,46
306	654,46
307	653,59
308	642,04
309	642,04
310	627,94
311	627,94
312	627,94
313	627,94
314	627,94
315	627,94
316	627,94
317	627,94
318	627,94
319	627,94
320	627,94
321	627,94
322	627,94
323	627,94
324	627,94
325	627,94
326	627,94
327	627,94
328	627,94
329	627,94
330	627,94
331	627,94
332	627,94
333	627,94
334	627,94
335	627,94
336	627,94
337	627,94
338	627,94
339	627,94
340	627,94
341	627,94
342	627,94
343	627,94
344	627,94
345	627,94
346	627,94
347	627,94
348	627,94
349	627,94
350	627,94
351	627,94
352	627,94
353	627,94
354	627,94
355	627,94
356	627,94
357	627,94
358	627,94
359	627,94
360	627,94
361	627,94
362	627,94
363	627,94
364	627,94
365	627,94
366	627,94
367	627,94
368	627,94
369	627,94
370	626,47
371	627,94
372	627,94
373	627,94
374	627,94
375	627,94
376	627,94
377	627,94
378	616,29
379	616,29
380	616,29
381	616,29
382	616,29
383	614,02
384	614,02
385	614,02
386	614,02
387	614,02
388	614,02
389	614,02
390	614,02
391	614,02
392	614,02
393	614,02
394	614,02
395	614,02
396	614,02
397	614,02
398	614,02
399	614,02
400	614,02
401	614,02
402	614,02
403	614,02
404	614,02
405	614,02
406	614,02
407	614,02
408	614,02
409	614,02
410	614,02
411	614,02
412	614,02
413	614,02
414	614,02
415	614,02
416	614,02
417	614,02
418	614,02
419	614,02
420	614,02
421	614,02
422	614,02
423	614,02
424	614,02
425	614,02
426	614,02
427	614,02
428	614,02
429	614,02
430	614,02
431	614,02
432	614,02
433	614,02
434	614,02
435	614,02
436	614,02
437	614,02
438	614,02
439	614,02
440	614,02
441	614,02
442	614,02
443	614,02
444	614,02
445	614,02
446	614,02
447	614,02
448	614,02
449	614,02
450	614,02
451	614,02
452	614,02
453	614,02
454	614,02
455	614,02
456	614,02
457	614,02
458	614,02
459	614,02
460	614,02
461	614,02
462	614,02
463	614,02
464	614,02
465	614,02
466	614,02
467	614,02
468	614,02
469	614,02
470	614,02
471	614,02
472	614,02
473	614,02
474	614,02
475	614,02
476	614,02
477	614,02
478	614,02
479	614,02
480	614,02
481	614,02
482	614,02
483	614,02
484	614,02
485	614,02
486	614,02
487	614,02
488	614,02
489	614,02
490	614,02
491	614,02
492	614,02
493	614,02
494	614,02
495	614,02
496	614,02
497	614,02
498	614,02
499	614,02
500	612,55
501	614,02
502	614,02
503	614,02
504	614,02
505	614,02
506	614,02
507	614,02
508	614,02
509	614,02
510	614,02
511	614,02
512	614,02
513	614,02
514	614,02
515	614,02
516	614,02
517	614,02
518	614,02
519	614,02
520	614,02
521	614,02
522	614,02
523	614,02
524	614,02
525	614,02
526	614,02
527	614,02
528	614,02
529	614,02
530	612,55
531	614,02
532	614,02
533	614,02
534	614,02
535	614,02
536	614,02
537	614,02
538	614,02
539	614,02
540	612,71
541	614,02
542	614,02
543	614,02
544	614,02
545	614,02
546	614,02
547	614,02
548	614,02
549	614,02
550	614,02
551	614,02
552	614,02
553	614,02
554	614,02
555	614,02
556	614,02
557	614,02
558	614,02
559	614,02
560	614,02
561	614,02
562	614,02
563	614,02
564	614,02
565	614,02
566	614,02
567	614,02
568	614,02
569	614,02
570	612,71
571	614,02
572	614,02
573	614,02
574	614,02
575	614,02
576	614,02
577	614,02
578	614,02
579	614,02
580	614,02
581	614,02
582	614,02
583	614,02
584	614,02
585	614,02
586	614,02
587	614,02
588	614,02
589	614,02
590	614,02
591	614,02
592	614,02
593	614,02
594	614,02
595	614,02
596	614,02
597	614,02
598	614,02
599	614,02
600	614,02
601	614,02
602	614,02
603	614,02
604	614,02
605	614,02
606	614,02
607	614,02
608	614,02
609	614,02
610	614,02
611	614,02
612	614,02
613	614,02
614	614,02
615	614,02
616	614,02
617	614,02
618	614,02
619	614,02
620	614,02
621	614,02
622	614,02
623	614,02
624	614,02
625	614,02
626	614,02
627	614,02
628	614,02
629	614,02
630	614,02
631	614,02
632	614,02
633	614,02
634	614,02
635	614,02
636	614,02
637	614,02
638	614,02
639	614,02
640	614,02
641	614,02
642	614,02
643	614,02
644	614,02
645	614,02
646	614,02
647	614,02
648	614,02
649	614,02
650	614,02
651	614,02
652	614,02
653	614,02
654	614,02
655	614,02
656	614,02
657	614,02
658	614,02
659	614,02
660	614,02
661	614,02
662	614,02
663	614,02
664	614,02
665	614,02
666	614,02
667	614,02
668	614,02
669	614,02
670	614,02
671	614,02
672	614,02
673	614,02
674	614,02
675	614,02
676	614,02
677	614,02
678	614,02
679	614,02
680	612,55
681	612,55
682	614,02
683	614,02
684	614,02
685	614,02
686	614,02
687	614,02
688	614,02
689	614,02
690	614,02
691	614,02
692	614,02
693	614,02
694	614,02
695	614,02
696	614,02
697	614,02
698	614,02
699	614,02
700	612,55
701	614,02
702	614,02
703	614,02
704	614,02
705	614,02
706	614,02
707	614,02
708	614,02
709	614,02
710	614,02
711	614,02
712	614,02
713	614,02
714	614,02
715	614,02
716	612,78
717	612,78
718	612,78
719	612,78
720	612,78
721	612,78
722	612,78
723	612,78
724	612,78
725	612,78
726	612,78
727	612,78
728	612,78
729	612,78
730	611,47
731	611,30
732	611,30
733	611,30
734	611,30
735	611,30
736	611,29
737	606,79
