0	878,90
1	832,70
2	832,70
3	826,60
4	767,69
5	762,65
6	762,65
7	762,65
8	762,65
9	755,34
10	734,78
11	693,28
12	693,28
13	693,28
14	693,28
15	698,11
16	670,36
17	716,06
18	710,00
19	710,00
20	678,32
21	690,31
22	685,23
23	685,23
24	685,23
25	674,68
26	662,89
27	662,89
28	662,89
29	662,89
30	662,89
31	656,32
32	662,41
33	662,41
34	661,49
35	653,66
36	653,66
37	653,66
38	653,66
39	653,66
40	653,66
41	648,82
42	648,82
43	641,51
44	641,51
45	637,96
46	637,96
47	635,72
48	632,39
49	630,00
50	618,43
51	618,43
52	616,62
53	616,62
54	616,62
55	616,62
56	616,62
57	616,62
58	608,90
59	608,90
60	606,82
61	606,82
62	606,82
63	606,82
64	606,82
65	588,75
66	588,75
67	595,23
68	592,94
69	588,73
70	588,73
71	591,30
72	571,73
73	571,73
74	563,51
75	563,51
76	563,51
77	563,51
78	563,51
79	563,51
80	563,51
81	563,51
82	562,45
83	562,45
84	562,45
85	562,45
86	562,45
87	562,45
88	561,01
89	561,01
90	561,01
91	561,01
92	561,01
93	561,01
94	561,01
95	561,01
96	561,01
97	561,01
98	561,01
99	561,01
100	559,37
101	559,37
102	559,37
103	556,35
104	556,35
105	556,35
106	556,35
107	556,35
108	556,35
109	556,35
110	556,35
111	556,35
112	556,35
113	556,35
114	556,35
115	556,35
116	556,35
117	556,35
118	556,35
119	556,35
120	556,35
121	556,35
122	556,35
123	556,35
124	556,35
125	556,35
126	556,35
127	556,35
128	556,35
129	556,35
130	556,35
131	556,35
132	556,35
133	556,35
134	556,35
135	556,35
136	556,35
137	556,35
138	556,35
139	556,35
140	556,35
141	556,35
142	556,35
143	556,35
144	556,35
145	556,35
146	556,35
147	556,35
148	556,35
149	556,35
150	556,35
151	556,35
152	556,35
153	556,35
154	556,35
155	556,35
156	556,35
157	556,35
158	556,35
159	556,35
160	556,35
161	556,35
162	556,35
163	556,35
164	556,35
165	556,35
166	556,35
167	556,35
168	556,35
169	556,35
170	556,35
171	556,35
172	556,35
173	556,35
174	556,35
175	556,35
176	556,35
177	556,35
178	556,35
179	556,35
180	556,35
181	556,35
182	556,35
183	556,35
184	556,35
185	556,35
186	556,35
187	556,35
188	556,35
189	556,35
190	556,35
191	556,35
192	556,35
193	556,35
194	556,35
195	556,35
196	556,35
197	556,35
198	556,35
199	556,35
200	556,35
201	556,35
202	556,35
203	556,35
204	556,35
205	556,35
206	556,35
207	556,35
208	556,35
209	556,35
210	550,44
211	550,44
212	550,44
213	550,44
214	550,44
215	549,17
216	549,17
217	549,17
218	549,17
219	549,17
220	549,17
221	549,17
222	549,17
223	549,17
224	549,17
225	549,17
226	549,17
227	549,17
228	549,17
229	549,17
230	549,17
231	549,05
232	549,05
233	549,05
234	549,05
235	549,05
236	549,05
237	549,05
238	549,05
239	549,05
240	549,05
241	549,05
242	549,05
243	549,05
244	549,05
245	549,05
246	549,05
247	549,05
248	549,05
249	549,05
250	549,05
251	549,05
252	549,05
253	549,05
254	549,05
255	549,05
256	549,05
257	549,05
258	549,05
259	549,05
260	549,05
261	549,05
262	539,87
263	539,87
264	539,87
265	539,87
266	539,87
267	539,87
268	539,87
269	539,87
270	539,87
271	539,87
272	539,87
273	536,87
274	536,87
275	536,87
276	536,87
277	536,87
278	536,87
279	536,87
280	536,87
281	536,87
282	536,87
283	536,87
284	536,87
285	536,87
286	536,53
287	536,53
288	536,53
289	536,53
290	536,53
291	536,53
292	535,52
293	535,52
294	535,52
295	535,52
296	526,97
297	526,97
298	526,97
299	526,97
300	526,97
301	526,96
302	526,96
303	526,96
304	526,96
305	524,42
306	524,42
307	524,42
308	524,42
309	524,42
310	524,42
311	524,42
312	524,42
313	524,42
314	524,42
315	524,42
316	524,42
317	524,42
318	524,42
319	524,42
320	524,42
321	524,42
322	524,42
323	524,42
324	524,42
325	524,42
326	524,42
327	524,42
328	524,42
329	524,42
330	524,42
331	524,42
332	524,42
333	524,42
334	524,42
335	524,42
336	523,51
337	523,51
338	523,51
339	523,51
340	523,51
341	523,51
342	523,37
343	523,37
344	523,37
345	523,37
346	522,58
347	522,58
348	522,58
349	522,58
350	522,58
351	522,58
352	522,58
353	522,58
354	522,58
355	522,58
356	522,58
357	522,58
358	522,58
359	522,58
360	522,58
361	522,58
362	522,58
363	522,58
364	522,58
365	522,58
366	522,58
367	522,58
368	522,58
369	522,58
370	522,58
371	522,58
372	522,58
373	522,58
374	522,58
375	522,58
376	522,58
377	522,58
378	522,58
379	522,58
380	522,58
381	522,58
382	522,58
383	522,58
384	522,58
385	522,58
386	522,58
387	522,58
388	522,58
389	522,58
390	522,58
391	522,58
392	522,58
393	522,58
394	522,58
395	522,58
396	522,58
397	522,58
398	522,58
399	522,58
400	522,58
401	522,58
402	522,58
403	522,58
404	522,58
405	522,58
406	522,58
407	522,58
408	522,58
409	522,58
410	522,58
411	522,58
412	522,58
413	522,58
414	522,58
415	522,58
416	522,58
417	522,58
418	522,58
419	522,58
420	522,58
421	522,58
422	522,58
423	522,58
424	522,58
425	522,58
426	522,58
427	522,58
428	522,58
429	522,58
430	522,58
431	522,58
432	522,58
433	522,58
434	522,58
435	522,58
436	522,58
437	522,58
438	522,58
439	522,58
440	522,58
441	518,86
