0	1203,90
1	1181,96
2	1158,78
3	1158,78
4	1143,68
5	1053,66
6	1053,66
7	1053,66
8	1053,66
9	1053,66
10	1053,66
11	1053,66
12	1016,60
13	1016,60
14	984,32
15	984,32
16	976,21
17	952,00
18	952,00
19	952,00
20	952,00
21	944,25
22	944,25
23	923,84
24	923,84
25	918,16
26	911,51
27	905,45
28	905,45
29	901,91
30	901,91
31	901,91
32	886,63
33	886,63
34	886,63
35	886,63
36	877,83
37	857,66
38	855,13
39	855,07
40	841,89
41	841,89
42	841,60
43	841,60
44	840,15
45	840,15
46	839,70
47	839,70
48	839,70
49	837,63
50	837,63
51	836,83
52	810,58
53	810,58
54	810,58
55	810,58
56	810,58
57	810,58
58	790,71
59	778,78
60	764,71
61	764,71
62	764,71
63	764,71
64	764,71
65	764,71
66	764,71
67	756,09
68	756,09
69	756,09
70	756,09
71	756,09
72	756,09
73	750,56
