0	2577,95
1	2486,90
2	2356,76
3	2278,66
4	2278,66
5	2221,78
6	2197,14
7	2121,01
8	2041,29
9	2004,66
10	1959,17
11	1929,51
12	1906,56
13	1879,63
14	1863,28
15	1862,76
16	1830,57
17	1809,22
18	1779,97
19	1731,72
20	1731,72
21	1719,95
22	1719,18
23	1693,80
24	1663,44
25	1640,58
26	1640,58
27	1631,50
28	1611,86
29	1611,86
30	1611,86
31	1602,27
32	1593,27
33	1571,40
34	1570,19
35	1570,19
36	1565,56
37	1552,98
38	1549,48
39	1531,52
40	1511,91
41	1506,95
42	1506,11
43	1506,11
44	1506,11
45	1489,74
46	1482,87
47	1473,02
48	1473,02
49	1473,02
50	1471,53
51	1463,99
52	1462,50
53	1457,32
54	1457,32
55	1457,32
56	1449,29
57	1445,63
58	1444,89
59	1444,89
60	1440,88
61	1440,88
62	1440,88
63	1440,88
64	1440,58
65	1439,41
66	1438,84
67	1435,27
68	1435,27
69	1428,30
70	1428,30
71	1426,61
72	1425,18
73	1398,19
74	1398,09
75	1396,76
76	1396,76
77	1394,00
78	1393,51
79	1393,51
80	1393,51
81	1393,51
82	1393,51
83	1390,70
84	1390,44
85	1390,44
86	1390,10
87	1388,41
88	1387,19
89	1387,19
90	1387,19
91	1387,19
92	1385,19
93	1380,27
94	1379,24
95	1376,76
96	1376,76
97	1376,76
98	1376,17
99	1372,97
100	1372,97
101	1370,75
102	1370,75
103	1370,75
104	1370,00
105	1370,00
106	1370,00
107	1370,00
108	1360,92
109	1360,92
110	1360,92
111	1360,92
112	1349,52
113	1349,52
114	1349,52
115	1349,52
116	1348,42
117	1341,64
118	1341,64
119	1341,64
120	1341,64
121	1340,54
122	1340,54
123	1340,54
124	1340,54
125	1340,48
126	1340,48
127	1340,48
128	1340,48
129	1340,48
130	1340,48
131	1340,48
132	1340,48
133	1337,93
134	1337,93
135	1337,93
136	1337,93
137	1323,46
138	1323,46
139	1323,46
140	1323,46
141	1317,87
142	1317,87
143	1317,87
144	1306,36
145	1306,36
146	1306,36
147	1306,36
148	1305,68
149	1305,68
150	1301,49
151	1301,49
152	1301,47
153	1301,26
154	1301,26
155	1300,80
156	1300,70
157	1300,70
158	1300,70
159	1300,70
160	1298,85
161	1298,85
162	1298,85
163	1298,85
164	1298,85
165	1295,28
166	1295,28
167	1295,28
168	1295,28
169	1295,28
170	1294,36
171	1294,36
172	1294,36
173	1294,36
174	1294,36
175	1290,86
176	1290,86
177	1290,10
178	1290,10
179	1286,84
180	1286,84
181	1286,84
182	1286,84
183	1286,84
184	1286,84
185	1286,84
186	1279,89
187	1279,89
188	1279,89
189	1279,89
190	1279,89
191	1279,89
192	1279,89
193	1279,89
194	1278,42
195	1278,42
196	1278,42
197	1278,42
198	1278,42
199	1271,37
200	1271,37
201	1271,37
202	1271,37
203	1271,10
204	1271,10
205	1270,27
206	1270,27
207	1270,27
208	1270,27
209	1266,67
210	1266,67
211	1266,67
212	1266,67
213	1266,67
214	1266,67
215	1266,67
216	1266,64
217	1266,64
218	1266,64
219	1266,64
220	1265,33
221	1265,33
222	1265,33
223	1264,98
224	1264,98
225	1264,11
226	1264,11
227	1264,11
228	1264,11
229	1264,11
230	1264,11
231	1263,90
232	1263,90
233	1263,90
234	1263,90
235	1261,37
236	1260,56
237	1260,56
238	1259,11
239	1259,11
240	1259,11
241	1258,30
242	1258,30
243	1258,30
244	1258,30
245	1258,30
246	1258,30
247	1258,30
248	1257,98
249	1257,98
250	1257,98
251	1257,98
252	1257,98
253	1257,98
254	1257,98
255	1257,98
256	1257,98
257	1257,98
258	1257,98
259	1257,98
260	1257,98
261	1257,98
262	1257,98
263	1257,98
264	1257,98
265	1245,95
266	1245,95
267	1245,50
268	1245,50
269	1245,50
270	1245,50
271	1245,50
272	1245,50
273	1245,50
274	1245,50
275	1245,50
276	1245,50
277	1245,50
278	1245,50
279	1245,50
280	1245,50
281	1245,50
282	1245,50
283	1245,50
284	1245,50
285	1244,47
286	1244,47
287	1244,47
288	1244,47
289	1229,14
290	1229,14
291	1229,14
292	1229,14
293	1229,14
294	1229,14
295	1229,14
296	1229,14
297	1224,29
298	1224,29
299	1224,29
300	1224,29
301	1224,29
302	1224,29
303	1224,29
304	1224,29
305	1222,33
306	1222,33
307	1222,33
308	1222,33
309	1222,33
310	1222,33
311	1222,33
312	1209,70
313	1209,70
314	1209,70
315	1209,70
316	1209,70
317	1209,70
318	1209,03
319	1209,03
320	1209,03
321	1209,03
322	1209,03
323	1209,03
324	1209,03
325	1208,00
326	1208,00
327	1205,42
328	1205,42
329	1205,42
330	1205,42
331	1205,42
332	1205,42
333	1203,62
334	1203,62
335	1203,62
336	1203,62
337	1200,99
338	1200,99
339	1200,99
340	1200,99
341	1200,99
342	1194,84
343	1194,84
344	1194,84
345	1194,84
346	1194,84
347	1194,84
348	1194,84
349	1194,84
350	1192,18
351	1192,18
352	1192,18
353	1192,18
354	1192,18
355	1192,18
356	1192,18
357	1192,18
358	1192,18
359	1192,18
360	1192,18
361	1192,18
362	1192,18
363	1192,18
364	1192,18
365	1192,18
366	1189,48
367	1184,72
368	1184,72
369	1184,72
370	1184,72
371	1184,72
372	1184,72
373	1184,72
374	1184,25
375	1184,25
376	1184,25
377	1181,87
378	1180,87
379	1180,87
380	1177,42
381	1177,42
382	1176,07
383	1176,07
384	1176,07
385	1175,09
386	1175,09
387	1175,09
388	1175,09
389	1175,09
390	1175,09
391	1175,09
392	1175,09
393	1175,09
394	1173,07
395	1173,07
396	1173,07
397	1173,07
398	1173,07
399	1173,07
400	1173,07
401	1171,18
402	1171,18
403	1169,70
404	1169,70
405	1169,70
406	1169,70
407	1169,70
408	1165,15
409	1165,15
410	1165,15
411	1165,15
412	1165,15
413	1165,15
414	1165,15
415	1165,15
416	1165,15
417	1165,15
418	1165,15
419	1165,15
420	1165,15
421	1165,15
422	1165,15
423	1165,15
424	1165,15
425	1164,62
426	1164,62
427	1164,62
428	1164,62
429	1164,62
430	1164,62
431	1164,62
432	1164,62
433	1164,62
434	1164,62
435	1164,62
436	1164,62
437	1164,62
438	1164,62
439	1164,62
440	1164,62
441	1164,62
442	1164,62
443	1164,62
444	1164,62
445	1164,62
446	1164,62
447	1164,62
448	1164,62
449	1164,62
450	1164,62
451	1164,62
452	1164,62
453	1164,62
454	1164,62
455	1164,62
456	1164,62
457	1164,62
458	1164,59
459	1164,59
460	1164,59
461	1164,59
462	1164,59
463	1164,59
464	1164,59
465	1164,59
466	1161,21
467	1161,21
468	1161,21
469	1161,21
470	1161,21
471	1161,21
472	1161,21
473	1161,21
474	1161,21
475	1161,21
476	1161,21
477	1161,21
478	1161,21
479	1161,21
480	1161,21
481	1161,21
482	1161,21
483	1161,21
484	1161,21
485	1159,60
486	1159,60
487	1159,60
488	1159,60
489	1159,60
490	1159,60
491	1151,76
492	1151,76
493	1151,76
494	1151,76
495	1151,76
496	1151,76
497	1151,76
498	1151,76
499	1151,65
500	1151,65
501	1151,65
502	1151,65
503	1151,65
504	1151,65
505	1151,65
506	1151,65
507	1151,65
508	1151,65
509	1151,65
510	1151,65
511	1151,65
512	1151,65
513	1151,65
514	1151,65
515	1151,65
516	1151,65
517	1151,65
518	1151,65
519	1151,65
520	1151,65
521	1151,65
522	1151,65
523	1151,65
524	1151,65
525	1151,65
526	1151,65
527	1151,65
528	1151,65
529	1151,65
530	1151,65
531	1151,65
532	1151,65
533	1151,65
534	1151,65
535	1149,67
536	1149,67
537	1149,67
538	1149,67
539	1149,67
540	1149,67
541	1149,67
542	1146,93
543	1146,93
544	1146,93
545	1145,44
546	1145,44
547	1145,44
548	1145,44
549	1145,44
550	1145,44
551	1145,44
552	1145,44
553	1145,44
554	1145,44
555	1145,44
556	1142,84
557	1142,84
558	1136,06
559	1136,06
560	1136,06
561	1136,06
562	1136,06
563	1136,06
564	1136,06
565	1136,06
566	1133,46
567	1133,46
568	1133,46
569	1133,46
570	1133,46
571	1133,46
572	1133,46
573	1133,46
574	1133,46
575	1133,46
576	1133,46
577	1133,46
578	1133,46
579	1133,46
580	1133,46
581	1133,46
582	1133,46
583	1133,46
584	1133,46
585	1133,46
586	1133,46
587	1133,46
588	1133,46
589	1133,46
590	1130,39
591	1130,39
592	1130,39
593	1130,39
594	1130,39
595	1130,39
596	1123,05
597	1123,05
598	1123,05
599	1123,05
600	1123,05
601	1123,05
602	1123,05
603	1123,05
604	1123,05
605	1120,01
606	1120,01
607	1120,01
608	1120,01
609	1120,01
610	1120,01
611	1115,95
612	1115,95
613	1115,95
614	1115,94
615	1114,75
616	1114,75
617	1114,75
618	1110,28
619	1110,28
620	1110,28
621	1110,28
622	1110,28
623	1110,28
624	1110,28
625	1110,28
626	1110,28
627	1110,28
628	1110,28
629	1110,28
630	1110,28
631	1110,28
632	1110,28
633	1108,85
634	1108,85
635	1108,85
636	1108,85
637	1108,85
638	1108,85
639	1108,85
640	1108,85
641	1108,85
642	1108,85
643	1108,85
644	1108,85
645	1108,70
646	1108,70
647	1108,70
648	1108,70
649	1108,70
650	1108,70
651	1108,70
652	1108,70
653	1108,70
654	1108,70
655	1108,70
656	1108,70
657	1108,70
658	1108,70
659	1108,70
660	1108,70
661	1108,70
662	1108,70
663	1108,70
664	1108,70
665	1108,70
666	1108,70
667	1108,70
668	1108,70
669	1108,70
670	1108,70
671	1108,70
672	1108,70
673	1108,70
674	1108,70
675	1108,70
676	1108,70
677	1108,70
678	1108,70
679	1108,70
680	1108,70
681	1108,70
682	1108,70
683	1108,70
684	1108,70
685	1108,70
686	1108,70
687	1108,70
688	1108,70
689	1108,70
690	1108,70
691	1108,70
692	1108,70
693	1108,70
694	1108,70
695	1108,70
696	1108,70
697	1108,70
698	1108,70
699	1108,70
700	1108,70
701	1108,70
702	1108,70
703	1108,70
704	1108,70
705	1108,70
706	1108,70
707	1108,70
708	1108,70
709	1108,70
710	1108,70
711	1108,70
712	1106,73
713	1106,73
714	1106,73
715	1106,73
716	1106,73
717	1106,73
718	1106,73
719	1106,73
720	1106,73
721	1106,73
722	1106,73
723	1106,73
724	1106,73
725	1106,73
726	1106,73
727	1106,73
728	1105,34
729	1102,90
730	1102,90
731	1102,90
732	1102,90
733	1102,90
734	1100,00
735	1100,00
736	1100,00
737	1100,00
738	1100,00
739	1100,00
740	1100,00
741	1100,00
742	1100,00
743	1100,00
744	1100,00
745	1100,00
746	1100,00
747	1100,00
748	1100,00
749	1100,00
750	1100,00
751	1100,00
752	1100,00
753	1100,00
754	1100,00
755	1100,00
756	1100,00
757	1100,00
758	1100,00
759	1100,00
760	1100,00
761	1100,00
762	1100,00
763	1100,00
764	1100,00
765	1100,00
766	1100,00
767	1100,00
768	1100,00
769	1100,00
770	1100,00
771	1100,00
772	1100,00
773	1100,00
774	1100,00
775	1100,00
776	1100,00
777	1100,00
778	1100,00
779	1100,00
780	1100,00
781	1100,00
782	1100,00
783	1100,00
784	1100,00
785	1100,00
786	1100,00
787	1100,00
788	1100,00
789	1100,00
790	1100,00
791	1100,00
792	1100,00
793	1100,00
794	1100,00
795	1100,00
796	1100,00
797	1100,00
798	1100,00
799	1100,00
800	1100,00
801	1100,00
802	1100,00
803	1100,00
804	1100,00
805	1100,00
806	1098,24
807	1098,24
808	1098,24
809	1098,24
810	1098,24
811	1098,24
812	1098,24
813	1098,24
814	1098,24
815	1098,24
816	1098,24
817	1098,24
818	1098,24
819	1098,24
820	1098,24
821	1098,24
822	1098,24
823	1098,24
824	1098,24
825	1098,24
826	1098,24
827	1098,24
828	1098,24
829	1098,24
830	1098,24
831	1098,24
832	1095,58
833	1095,58
834	1095,58
835	1095,58
836	1095,58
837	1095,58
838	1093,48
839	1093,48
840	1093,48
841	1093,48
842	1093,48
843	1093,48
844	1093,48
845	1093,48
846	1093,48
847	1093,48
848	1093,48
849	1093,48
850	1093,48
851	1093,48
852	1093,48
853	1093,48
854	1093,48
855	1093,48
856	1093,48
857	1093,48
858	1093,48
859	1093,48
860	1093,48
861	1093,48
862	1093,48
863	1093,48
864	1093,48
865	1093,48
866	1093,48
867	1093,48
868	1093,48
869	1093,48
870	1093,48
871	1093,48
872	1093,48
873	1093,48
874	1093,48
875	1093,48
876	1093,48
877	1093,48
878	1093,48
879	1093,48
880	1093,48
881	1093,48
882	1093,48
883	1093,48
884	1093,48
885	1093,48
886	1093,48
887	1093,48
888	1093,48
889	1093,48
890	1093,48
891	1093,48
892	1093,48
893	1093,48
894	1093,48
895	1092,66
896	1092,66
897	1092,66
898	1092,66
899	1092,66
900	1092,66
901	1092,66
902	1092,66
903	1092,66
904	1092,66
905	1092,66
906	1092,66
907	1092,66
908	1092,66
909	1092,66
910	1092,66
911	1092,66
912	1092,66
913	1092,66
914	1092,66
915	1092,66
916	1092,66
917	1092,66
918	1092,66
919	1092,66
920	1092,66
921	1092,66
922	1092,66
923	1092,66
924	1092,66
925	1092,66
926	1092,66
927	1092,66
928	1092,66
929	1092,66
930	1092,66
931	1092,66
932	1092,66
933	1092,66
934	1092,66
935	1092,66
936	1092,66
937	1092,66
938	1092,66
939	1092,66
940	1092,66
941	1092,66
942	1092,66
943	1092,66
944	1092,66
945	1092,66
946	1092,66
947	1092,66
948	1092,66
949	1092,66
950	1092,66
951	1092,66
952	1092,66
953	1092,66
954	1092,66
955	1092,66
956	1092,66
957	1092,66
958	1092,66
959	1092,66
960	1092,66
961	1092,66
962	1092,66
963	1092,66
964	1091,58
965	1091,58
966	1091,58
967	1091,58
968	1091,58
969	1091,58
970	1089,27
971	1089,27
972	1089,27
973	1089,27
974	1089,27
975	1089,27
976	1088,99
977	1087,95
978	1087,95
979	1087,95
980	1087,95
981	1087,95
982	1087,95
983	1087,52
984	1087,52
985	1087,52
986	1087,52
987	1087,52
988	1087,52
989	1087,52
990	1087,52
991	1087,52
992	1087,52
993	1087,52
994	1087,52
995	1087,52
996	1087,52
997	1087,52
998	1087,52
999	1087,52
1000	1087,52
1001	1087,52
1002	1087,52
1003	1087,52
1004	1087,52
1005	1087,52
1006	1087,52
1007	1087,52
1008	1087,52
1009	1087,52
1010	1087,52
1011	1087,52
1012	1087,52
1013	1087,52
1014	1087,52
1015	1087,52
1016	1087,52
1017	1087,52
1018	1087,52
1019	1087,52
1020	1087,52
1021	1087,52
1022	1087,52
1023	1087,52
1024	1087,52
1025	1087,52
1026	1087,52
1027	1087,52
1028	1087,52
1029	1087,52
1030	1087,52
1031	1087,52
1032	1087,52
1033	1087,52
1034	1087,52
1035	1087,52
1036	1085,05
1037	1085,05
1038	1085,05
1039	1085,05
1040	1085,05
1041	1085,05
1042	1085,05
1043	1084,89
1044	1084,89
1045	1084,89
1046	1084,89
1047	1084,89
1048	1082,68
1049	1082,68
1050	1082,68
1051	1082,68
1052	1082,38
1053	1082,38
1054	1082,38
1055	1082,38
1056	1082,38
1057	1082,38
1058	1082,38
1059	1082,38
1060	1082,38
1061	1082,38
1062	1082,38
1063	1082,38
1064	1082,38
1065	1082,38
1066	1082,38
1067	1082,38
1068	1082,38
1069	1082,38
1070	1082,38
1071	1082,38
1072	1082,38
1073	1082,38
1074	1082,38
1075	1082,38
1076	1082,38
1077	1082,38
1078	1082,38
1079	1082,38
1080	1082,38
1081	1082,38
1082	1082,07
1083	1082,07
1084	1082,07
1085	1082,07
1086	1082,07
1087	1082,07
1088	1082,07
1089	1082,07
1090	1082,07
1091	1082,07
1092	1082,07
1093	1082,07
1094	1082,07
1095	1082,07
1096	1082,07
1097	1082,07
1098	1082,07
1099	1082,07
1100	1082,07
1101	1082,07
1102	1082,07
1103	1082,07
1104	1082,07
1105	1082,07
1106	1082,07
1107	1082,07
1108	1082,07
1109	1082,07
1110	1082,07
1111	1082,07
1112	1082,07
1113	1082,07
1114	1082,07
1115	1082,07
1116	1082,07
1117	1082,07
1118	1082,07
1119	1082,07
1120	1082,07
1121	1082,07
1122	1082,07
1123	1082,07
1124	1082,07
1125	1082,07
1126	1082,07
1127	1082,07
1128	1082,07
1129	1082,07
1130	1082,07
1131	1082,07
1132	1082,07
1133	1082,07
1134	1082,07
1135	1082,07
1136	1082,07
1137	1082,07
1138	1082,07
1139	1082,07
1140	1082,07
1141	1082,07
1142	1082,07
1143	1082,07
1144	1082,07
1145	1079,57
1146	1079,57
1147	1079,57
1148	1079,57
1149	1079,57
1150	1079,57
1151	1079,57
1152	1078,48
1153	1078,48
1154	1078,48
1155	1078,48
1156	1078,48
1157	1078,48
1158	1078,48
1159	1078,48
1160	1078,18
1161	1078,18
1162	1078,18
1163	1078,18
1164	1078,18
1165	1078,18
1166	1078,18
1167	1078,18
1168	1078,18
1169	1078,18
1170	1078,18
1171	1078,18
1172	1078,18
1173	1078,18
1174	1078,18
1175	1078,18
1176	1078,18
1177	1078,18
1178	1078,18
1179	1078,18
1180	1078,18
1181	1078,18
1182	1078,18
1183	1078,18
1184	1078,18
1185	1078,18
1186	1078,18
1187	1078,18
1188	1078,18
1189	1078,18
1190	1078,18
1191	1078,18
1192	1078,18
1193	1078,18
1194	1078,18
1195	1078,18
1196	1073,95
1197	1073,95
1198	1073,95
1199	1073,95
1200	1073,95
1201	1073,46
1202	1073,46
1203	1073,46
1204	1073,46
1205	1073,46
1206	1073,46
1207	1069,69
1208	1069,69
1209	1069,69
1210	1069,69
1211	1069,69
1212	1069,69
1213	1069,69
1214	1069,69
1215	1069,69
1216	1069,69
1217	1069,69
1218	1069,69
1219	1069,69
1220	1069,69
1221	1069,69
1222	1069,69
1223	1069,69
1224	1069,69
1225	1069,69
1226	1069,69
1227	1069,69
1228	1069,69
1229	1069,69
1230	1066,89
1231	1066,89
1232	1066,89
1233	1066,89
1234	1066,89
1235	1066,89
1236	1066,89
1237	1066,89
1238	1066,89
1239	1066,89
1240	1066,89
1241	1066,89
1242	1066,89
1243	1066,89
1244	1066,89
1245	1066,89
1246	1066,73
1247	1066,73
1248	1066,73
1249	1066,73
1250	1066,73
1251	1066,73
1252	1066,73
1253	1066,73
1254	1066,73
1255	1066,73
1256	1066,73
1257	1066,73
1258	1066,73
1259	1066,73
1260	1066,73
1261	1066,73
1262	1066,73
1263	1064,05
1264	1064,05
1265	1064,05
1266	1064,05
1267	1064,05
1268	1064,05
1269	1064,05
1270	1064,05
1271	1064,05
1272	1064,05
1273	1064,05
1274	1064,05
1275	1064,05
1276	1064,05
1277	1064,05
1278	1064,05
1279	1064,05
1280	1064,05
1281	1064,05
1282	1064,05
1283	1064,05
1284	1064,05
1285	1064,05
1286	1064,05
1287	1064,05
1288	1064,05
1289	1064,05
1290	1064,05
1291	1064,05
1292	1064,05
1293	1064,05
1294	1064,05
1295	1064,05
1296	1064,05
1297	1064,05
1298	1064,05
1299	1064,05
1300	1064,05
1301	1064,05
1302	1064,05
1303	1064,05
1304	1064,05
1305	1064,05
1306	1063,49
