0	2455,27
1	2145,24
2	1977,58
3	1896,05
4	1733,68
5	1723,17
6	1695,78
7	1695,78
8	1689,40
9	1591,95
10	1555,94
11	1549,47
12	1542,04
13	1485,01
14	1485,01
15	1361,70
16	1361,70
17	1361,70
18	1390,27
19	1374,38
20	1362,70
21	1362,70
22	1315,62
23	1279,82
24	1279,82
25	1259,82
26	1259,82
27	1259,82
28	1252,79
29	1204,01
30	1204,01
31	1178,41
32	1178,41
33	1165,66
34	1159,77
35	1167,29
36	1169,10
37	1169,10
38	1154,85
39	1154,85
40	1154,85
41	1143,81
42	1129,08
43	1129,08
44	1129,08
45	1129,08
46	1115,82
47	1115,82
48	1115,82
49	1115,82
50	1109,24
51	1096,93
52	1092,04
53	1092,04
54	1092,04
55	1091,98
56	1077,84
57	1074,35
58	1068,08
59	1068,08
60	1068,08
61	1061,50
62	1061,50
63	1061,50
64	1053,47
65	1043,55
66	1043,55
67	1039,93
68	1039,93
69	1039,93
70	1039,93
71	1039,93
72	1032,50
73	1032,50
74	1032,50
75	1032,50
76	1032,50
77	1032,50
78	1032,50
79	1026,76
80	1023,41
81	1021,47
82	1021,47
83	1021,47
84	1013,49
85	1013,49
86	1013,49
87	1013,49
88	989,09
89	989,09
90	989,09
91	989,09
92	989,09
93	980,50
94	980,50
95	973,37
96	969,57
97	969,57
98	966,60
99	965,88
100	965,88
101	965,88
102	940,79
103	940,79
104	940,79
105	940,79
106	940,79
107	940,79
108	934,87
109	934,87
110	934,87
111	934,87
112	934,87
113	934,87
114	934,87
115	933,04
116	933,04
117	933,04
118	933,04
119	933,04
120	933,04
121	933,04
122	929,26
123	929,26
124	929,26
125	929,26
126	929,26
127	929,26
128	929,26
129	924,38
130	922,82
131	922,82
132	922,82
133	922,82
134	922,82
135	922,82
136	922,82
137	921,06
138	921,06
139	921,06
140	918,86
141	918,86
142	918,86
143	918,86
144	918,86
145	918,86
146	918,86
147	918,86
148	918,86
149	918,86
150	918,86
151	917,31
152	910,94
153	910,94
154	910,94
155	910,94
156	910,94
157	910,94
158	910,94
159	910,37
160	906,56
161	906,56
162	906,56
163	906,56
164	906,56
165	906,56
166	901,10
167	901,10
168	901,10
169	901,10
170	901,10
171	901,10
172	901,10
173	891,57
174	891,57
175	891,57
176	891,57
177	885,45
178	885,45
179	885,45
180	885,45
181	877,17
182	877,17
183	877,17
184	877,17
185	877,17
186	877,17
187	877,17
188	877,17
189	877,17
190	877,17
191	877,17
192	875,59
193	866,77
194	866,77
195	866,77
196	866,77
197	866,77
198	866,77
199	866,77
200	866,77
201	865,63
202	865,63
203	865,63
204	864,43
205	864,43
206	863,11
207	863,11
208	863,11
209	863,11
210	863,11
211	863,11
212	863,11
213	863,11
214	862,74
215	862,74
216	862,74
217	862,74
218	862,74
219	860,77
220	860,77
221	860,77
222	860,77
223	860,77
224	860,77
225	860,77
226	860,77
227	860,77
228	860,77
229	854,05
230	854,05
231	854,05
232	854,05
233	854,05
234	854,05
235	854,05
236	854,05
237	854,05
238	851,97
239	851,97
240	851,97
241	851,09
242	851,09
243	851,09
244	851,09
245	851,09
246	851,09
247	851,09
248	851,09
249	851,09
250	849,04
251	849,04
252	849,04
253	849,04
254	849,04
255	848,49
256	848,49
257	848,49
258	848,49
259	848,49
260	848,49
261	848,49
262	846,15
263	846,15
264	846,15
265	846,15
266	835,75
267	835,75
268	835,75
269	835,75
270	835,75
271	833,44
