0	3439,27
1	2911,73
2	2923,58
3	2748,78
4	2683,60
5	2554,60
6	2404,83
7	2295,06
8	2185,99
9	2111,35
10	1993,83
11	2028,20
12	1882,16
13	1869,73
14	1843,30
15	1804,94
16	1743,89
17	1688,48
18	1688,48
19	1660,00
20	1669,78
21	1644,27
22	1644,64
23	1611,43
24	1611,67
25	1615,36
26	1587,19
27	1585,87
28	1574,97
29	1570,99
30	1570,33
31	1560,44
32	1554,35
33	1543,51
34	1554,35
35	1551,80
36	1549,78
37	1547,23
38	1545,80
39	1518,34
40	1517,03
41	1518,34
42	1516,91
43	1515,47
44	1516,91
45	1514,04
46	1514,04
47	1514,04
48	1508,71
49	1508,83
50	1508,22
