0	3625,18
1	3079,78
2	2942,31
3	2860,42
4	2760,01
5	2624,86
6	2540,89
7	2383,28
8	2332,81
9	2229,42
10	2197,78
11	2114,24
12	2072,25
13	2027,08
14	2013,60
15	1997,84
16	1982,45
17	1968,30
18	1951,59
19	1939,41
20	1931,26
21	1919,67
22	1899,71
23	1887,93
24	1851,89
25	1840,63
26	1840,95
27	1843,69
28	1827,94
29	1823,87
30	1825,31
31	1810,43
32	1800,19
33	1792,38
34	1799,05
35	1790,27
36	1779,60
37	1779,60
38	1769,51
39	1758,04
40	1750,71
41	1746,68
42	1744,19
43	1743,43
44	1742,81
45	1736,10
46	1715,60
47	1703,93
48	1703,93
49	1700,22
50	1703,93
