0	19505,88
1	19312,38
2	18943,36
3	17941,96
4	17981,73
5	17721,72
6	17124,46
7	16831,32
8	16379,09
9	15836,80
10	15306,07
11	15311,85
12	15107,97
13	14863,19
14	14506,45
15	13904,54
16	13368,45
17	13368,45
18	13013,43
19	12836,67
20	12634,26
21	12598,78
22	12385,70
23	11955,05
24	12035,82
25	11791,42
26	11356,15
27	11183,37
28	11058,73
29	10929,40
30	10983,12
31	10884,76
32	10689,12
33	10748,81
34	10645,89
35	10413,27
36	10413,27
37	10307,70
38	10183,41
39	10175,31
40	10073,47
41	9765,23
42	9601,02
43	9601,02
44	9641,37
45	9509,56
46	9332,20
47	9346,52
48	9395,91
49	9317,79
50	9430,64
51	9430,64
52	9115,60
53	9027,78
54	9027,78
55	9050,33
56	8841,63
57	8841,63
58	8841,63
59	8946,37
60	8903,47
61	8786,32
62	8731,04
63	8731,04
64	8711,93
65	8576,69
66	8576,69
67	8576,69
68	8576,69
69	8576,69
70	8517,80
71	8518,44
72	8385,77
73	8580,01
74	8580,01
75	8579,92
76	8498,03
77	8498,03
78	8457,44
79	8457,44
80	8457,44
81	8457,44
82	8525,61
83	8525,61
84	8269,88
85	8241,90
86	8241,90
87	8241,90
88	8241,90
89	8241,90
90	8194,45
91	8194,45
92	8194,45
93	8194,45
94	8328,41
95	8328,41
96	8368,32
97	8368,32
98	8368,32
99	8368,32
100	8214,03
101	8361,04
102	8160,58
103	8160,58
104	8102,07
105	8057,43
106	8047,82
107	8047,82
108	8047,82
109	7779,47
110	7976,52
111	7976,52
112	7970,29
113	7970,29
114	8181,81
115	8081,65
116	8081,65
117	8123,74
118	8123,74
119	8105,33
120	8105,33
121	8014,96
122	8014,96
123	8161,32
124	8161,32
125	8161,32
126	8161,32
127	8161,32
128	8093,09
129	8150,85
130	8150,85
131	7961,51
132	7800,53
133	7835,58
134	7835,58
135	7835,58
136	7812,99
137	7812,99
138	7812,99
139	7731,99
140	7480,15
141	7480,15
142	7480,15
143	7408,56
144	7397,04
145	7372,90
146	7243,30
147	7243,30
148	7236,36
149	7187,29
150	7187,29
151	7173,47
152	7173,47
153	7173,47
154	7173,47
155	7173,47
156	7132,17
157	7132,17
158	7132,17
159	7132,17
160	7132,17
161	7132,17
162	7132,17
163	7078,61
164	7078,61
165	7078,61
166	7041,78
167	7015,45
168	7015,45
169	7015,45
170	6987,88
171	6987,88
172	6914,00
173	6914,00
174	6873,76
175	6873,76
176	6873,76
177	6873,76
178	6873,76
179	6873,76
180	6873,76
181	6873,76
182	6862,44
183	6839,95
184	6839,95
185	6775,41
186	6775,41
187	6773,45
188	6773,45
189	6766,88
190	6748,63
191	6748,63
192	6748,63
193	6748,63
194	6748,63
195	6748,63
196	6748,63
197	6748,63
198	6734,85
199	6732,17
200	6730,04
201	6727,42
202	6727,42
203	6727,42
204	6727,42
205	6727,42
206	6727,42
207	6727,42
208	6721,22
209	6721,22
210	6721,22
211	6721,22
212	6693,90
213	6693,90
214	6693,90
215	6674,83
216	6674,83
217	6674,83
218	6663,12
219	6650,17
220	6648,50
221	6648,09
222	6643,09
223	6641,76
224	6629,74
225	6629,74
226	6628,33
227	6628,33
228	6609,71
229	6609,71
230	6609,71
231	6609,35
232	6609,35
233	6593,40
