0	16666,99
1	14846,08
2	15838,82
3	13698,43
4	13352,06
5	13080,25
6	12782,62
7	12374,56
8	12272,60
9	12151,68
10	11986,78
11	11727,63
12	11430,18
13	11312,88
14	11107,89
15	10914,60
16	10856,04
17	10753,00
18	10516,07
19	10453,16
20	10166,43
21	10101,82
22	10095,73
23	10103,83
24	9906,80
25	9891,79
26	9760,88
27	9723,23
28	9643,52
29	9412,93
30	9412,93
31	9279,94
32	9322,23
33	9156,01
34	9116,99
35	9014,71
36	9052,88
37	9004,41
38	8983,70
39	9010,03
40	8939,65
41	8718,83
42	8776,60
43	8767,87
44	8583,68
45	8583,68
46	8583,68
47	8654,14
48	8522,64
49	8465,83
50	8431,13
51	8373,65
52	8320,45
53	8337,56
54	8314,63
55	8316,32
56	8284,59
57	8318,12
58	8301,17
59	8286,82
60	8283,94
61	8278,21
62	8242,02
63	8220,28
64	8225,53
65	8225,00
66	8232,25
67	8182,34
68	8174,88
69	8097,41
70	8070,57
71	8061,86
72	8054,07
73	8042,36
74	8038,73
75	8015,05
76	8012,45
77	7983,36
78	7996,17
79	7992,03
80	7992,47
81	7983,75
82	7956,33
83	7948,59
84	7945,99
85	7926,11
86	7922,96
87	7903,29
88	7920,93
89	7907,09
90	7923,14
91	7900,15
92	7900,11
93	7911,77
94	7900,11
95	7891,87
96	7878,89
97	7878,89
98	7841,10
99	7812,52
100	7813,25
101	7798,95
102	7701,46
103	7701,46
104	7673,61
105	7623,18
106	7623,18
107	7623,18
108	7668,26
109	7594,69
110	7584,24
111	7593,13
112	7575,57
113	7594,44
114	7561,19
115	7530,33
116	7508,75
117	7529,09
118	7511,62
119	7475,14
120	7485,39
121	7505,55
122	7479,67
123	7475,80
124	7460,89
125	7445,79
126	7487,88
127	7445,79
128	7445,79
129	7444,23
130	7444,23
131	7444,23
132	7444,23
133	7444,23
134	7443,65
135	7444,23
136	7444,23
137	7444,23
138	7444,23
139	7444,23
140	7430,41
141	7431,20
142	7444,23
143	7435,45
144	7435,45
145	7435,45
146	7435,45
147	7426,30
148	7435,45
149	7435,45
150	7435,45
