0	13363.79
1	12294.81
2	10373.86
3	9195.06
4	8869.54
5	7799.14
6	7799.14
7	7759.61
8	7148.03
9	7148.03
10	7148.03
11	7148.03
12	7218.79
13	6943.77
14	6943.77
15	6943.77
16	7031.05
17	7031.05
18	7049.45
19	7049.45
20	6966.09
21	6846.78
22	6798.47
23	6798.47
24	6576.17
25	6576.17
26	6576.17
27	6576.17
28	6537.18
29	6537.18
30	6492.70
31	6492.70
32	6475.88
33	6544.87
34	6525.00
35	6612.49
36	6612.49
37	6431.35
38	6785.22
39	6413.53
40	6385.65
41	6385.65
42	6288.10
43	6236.22
44	6236.22
45	6155.19
46	6149.42
47	6149.42
48	6149.42
49	6149.42
50	6149.42
51	6149.42
52	6065.48
53	6065.48
54	6065.48
55	6047.27
56	6047.27
57	6027.83
58	6027.83
59	6027.83
60	5986.77
61	5986.77
62	5986.77
63	5965.27
64	5964.36
65	5964.36
66	5964.36
67	5915.23
68	5915.23
69	5890.68
70	5890.68
71	5890.68
72	5832.51
73	5826.02
74	5769.16
75	5769.16
76	5769.16
77	5769.16
78	5769.16
79	5758.53
80	5729.69
81	5729.69
82	5729.69
83	5707.28
84	5684.85
85	5684.85
86	5684.85
87	5684.85
88	5684.85
89	5684.85
90	5660.07
91	5660.07
92	5660.07
93	5658.20
94	5658.20
95	5658.20
96	5640.33
97	5561.84
98	5561.84
99	5561.84
100	5561.84
101	5561.84
102	5561.84
103	5549.38
104	5549.38
105	5549.38
106	5549.38
107	5549.38
108	5549.38
109	5549.38
110	5523.15
111	5523.15
112	5523.15
113	5523.15
114	5471.87
115	5471.87
116	5471.87
117	5456.25
118	5456.25
119	5456.25
120	5454.03
121	5453.98
122	5453.98
123	5413.12
124	5408.91
125	5408.91
126	5404.09
127	5404.09
128	5400.82
129	5400.82
130	5388.75
131	5359.74
132	5359.74
133	5359.74
134	5359.74
135	5340.60
136	5340.60
137	5326.42
138	5291.12
139	5291.12
140	5291.12
141	5291.12
142	5275.31
143	5275.31
144	5273.85
145	5196.94
146	5196.94
147	5196.94
148	5196.94
149	5196.94
150	5196.94
151	5192.34
152	5192.34
153	5192.34
154	5192.34
155	5192.34
156	5192.34
157	5192.34
158	5190.22
159	5174.45
160	5174.45
161	5174.45
162	5129.55
163	5113.78
164	5113.78
165	5111.58
166	5108.96
167	5108.96
168	5108.96
169	5108.96
170	5082.98
171	5082.98
172	5082.98
173	5065.71
174	5065.71
175	5035.66
176	5006.05
177	5006.05
178	5005.79
179	5005.79
180	5005.79
181	5005.79
182	5005.79
183	4992.98
184	4992.98
185	4990.06
186	4990.06
187	4978.99
188	4978.99
189	4978.99
190	4978.99
191	4978.99
192	4938.52
193	4938.52
194	4938.52
195	4938.52
196	4938.52
197	4938.52
198	4938.52
199	4927.45
200	4927.45
201	4927.45
202	4927.45
203	4927.45
204	4927.45
205	4915.66
206	4915.66
207	4915.66
208	4915.66
209	4915.66
210	4915.66
211	4915.66
212	4913.74
213	4881.71
214	4881.71
215	4881.71
216	4881.71
217	4881.71
218	4876.48
219	4876.48
220	4860.48
221	4860.48
222	4860.48
223	4860.48
224	4860.48
225	4860.48
226	4860.48
227	4860.48
228	4857.00
229	4854.30
230	4837.73
231	4837.73
232	4837.73
233	4837.73
234	4827.64
235	4827.64
236	4827.64
237	4827.64
238	4824.69
239	4824.69
240	4824.69
241	4824.38
242	4824.38
243	4824.38
244	4824.38
245	4824.38
246	4824.38
247	4824.38
248	4824.38
249	4824.38
250	4824.38
251	4824.38
252	4824.38
253	4824.38
254	4824.38
255	4823.30
256	4823.30
257	4823.30
258	4823.30
259	4816.42
260	4816.42
261	4816.42
262	4816.42
263	4816.42
264	4816.42
265	4816.42
266	4816.42
267	4800.87
268	4800.87
269	4800.87
270	4800.87
271	4800.87
272	5008.84
273	4931.47
274	4931.47
275	4931.47
276	4931.47
277	4931.47
278	4931.47
279	4931.47
280	4931.47
281	4931.47
282	4931.47
283	4913.54
284	4913.54
285	4913.54
286	4913.54
287	4906.80
288	4906.80
289	4903.79
290	4898.22
291	4892.99
292	4887.41
293	4887.41
294	4887.41
295	4887.41
296	4887.41
297	4887.41
298	4887.41
299	4887.41
300	4879.28
301	4875.00
302	4875.00
303	4875.00
304	4875.00
305	4875.00
306	4875.00
307	4875.00
308	4873.16
309	4873.16
310	4873.16
311	4869.53
312	4869.53
313	4866.57
314	4866.57
315	4866.57
316	4866.57
317	4866.57
318	4866.57
319	4866.57
320	4866.57
321	4866.57
322	4866.51
323	4864.75
324	4859.02
325	4859.02
326	4859.02
327	4859.02
328	4859.02
329	4859.02
330	4859.02
331	4859.02
332	4857.19
333	4857.19
334	4856.08
335	4856.08
336	4856.08
337	4856.08
338	4856.08
339	4856.08
340	4856.08
341	4856.08
342	4856.08
343	4856.08
344	4856.08
345	4856.08
346	4856.08
347	4856.08
348	4856.08
349	4856.08
350	4856.08
351	4856.08
352	4856.08
353	4856.08
354	4856.08
355	4856.08
356	4855.46
357	4853.41
358	4853.41
359	4853.41
360	4853.41
361	4853.41
362	4850.05
363	4850.05
364	4844.03
365	4844.03
366	4844.03
367	4844.03
368	4844.03
369	4844.03
370	4844.03
371	4835.72
372	4835.72
373	4835.72
374	4826.44
375	4826.44
376	4826.44
377	4826.44
378	4826.44
379	4826.44
380	4826.44
381	4826.44
382	4826.22
383	4826.22
384	4826.22
385	4826.22
386	4826.22
387	4826.22
388	4826.22
389	4826.22
390	4826.22
391	4826.22
392	4826.22
393	4826.22
394	4826.22
395	4826.22
396	4826.22
397	4820.85
398	4820.85
399	4820.85
400	4820.85
401	4820.85
402	4820.85
403	4808.92
404	4808.92
405	4808.92
406	4808.92
407	4808.92
408	4808.45
409	4808.45
410	4808.45
411	4808.45
412	4804.07
413	4804.07
414	4804.07
415	4804.07
416	4804.07
417	4804.07
418	4804.07
419	4803.32
420	4803.32
421	4803.32
422	4782.71
423	4782.71
424	4782.71
425	4782.71
426	4782.71
427	4782.71
428	4782.71
429	4782.71
430	4782.31
431	4782.31
432	4782.31
433	4773.27
434	4773.27
435	4773.27
436	4773.27
437	4773.27
438	4773.27
439	4773.27
440	4773.27
441	4773.27
442	4773.27
443	4773.27
444	4768.39
445	4768.39
446	4768.39
447	4761.77
448	4761.77
449	4761.77
450	4761.77
451	4761.77
452	4761.77
453	4761.77
454	4761.77
455	4761.77
456	4761.77
457	4761.77
458	4761.77
459	4761.77
460	4761.77
461	4760.96
462	4760.96
463	4760.96
464	4760.96
465	4760.96
466	4760.96
467	4760.96
468	4760.96
469	4760.96
470	4760.96
471	4760.96
472	4760.31
473	4760.31
474	4760.31
475	4760.31
476	4760.31
477	4760.31
478	4760.31
479	4760.31
480	4760.31
481	4760.31
482	4760.31
483	4760.31
484	4760.31
485	4760.31
486	4760.31
487	4760.31
488	4760.31
489	4760.31
490	4759.26
491	4759.26
492	4758.49
493	4758.49
494	4758.49
495	4758.49
496	4758.49
497	4758.49
498	4758.49
499	4758.49
500	4758.49
501	4758.49
502	4758.49
503	4758.49
504	4758.49
505	4758.49
506	4758.49
507	4758.49
508	4758.49
509	4758.49
510	4758.49
511	4758.49
512	4758.49
513	4758.49
