0	11861,52
1	12034,59
2	12034,59
3	12086,96
4	11836,51
5	11975,58
6	11975,58
7	11975,58
8	11957,92
9	11565,28
10	11832,67
11	11816,01
12	11406,39
13	11406,39
14	11141,92
15	11141,92
16	11141,92
17	11141,92
18	11141,92
19	11036,85
20	11451,58
21	10987,60
22	11238,80
23	11074,67
24	11074,67
25	11074,67
26	11074,67
27	10991,63
28	10991,63
29	10991,63
30	10991,63
31	10695,58
32	10695,58
33	10461,30
34	10461,30
35	10448,76
36	10448,76
37	10448,76
38	10128,77
39	10178,88
40	10204,62
41	10204,62
42	10142,64
43	10142,64
44	10055,87
45	10006,62
46	10006,62
47	10006,62
48	10006,62
49	10006,62
50	9853,49
51	9853,49
52	9872,31
53	9872,31
54	9618,64
55	9618,64
56	9553,15
57	9553,15
58	9299,76
59	9299,76
60	9095,29
61	9095,29
62	9428,75
63	9428,75
64	9300,65
65	9205,36
66	9157,29
67	9157,29
68	9080,34
69	9006,19
70	9186,40
71	9186,40
72	8778,54
73	9021,79
74	8934,99
75	8934,99
76	8841,95
77	8841,95
78	8841,95
79	8841,95
80	8841,95
81	8841,95
82	8825,41
83	8841,93
84	8849,07
85	8849,07
86	8847,48
87	8694,26
88	8694,26
89	8682,79
90	8682,79
91	8574,46
92	8574,46
93	8574,46
94	8574,46
95	8574,46
96	8664,60
97	8664,60
98	8664,60
99	8664,60
100	8481,91
101	8481,91
102	8481,91
103	8481,91
104	8481,91
105	8481,91
106	8481,91
107	8481,91
108	8415,06
109	8415,06
110	8419,74
111	8377,13
112	8321,20
113	8321,20
114	8350,98
115	8337,41
116	8337,41
117	8230,68
118	8230,68
119	8230,68
120	8230,68
121	8123,45
122	8171,87
123	8171,87
124	8171,87
125	8172,59
126	8089,74
127	8015,17
128	8015,17
129	8015,17
130	8118,25
131	8123,13
132	8123,13
133	8034,95
134	8017,50
135	7871,94
136	7871,94
137	7871,94
138	7871,94
139	8165,66
140	7965,30
141	7850,62
142	7850,62
143	7850,62
144	7850,62
145	7770,12
146	7900,42
147	7900,42
148	7900,42
149	7900,42
150	7900,42
151	7902,58
152	7902,58
153	7712,80
154	7712,80
155	7593,32
156	7593,32
157	7593,32
158	7582,45
159	7558,50
160	7558,50
161	7558,50
162	7558,50
163	7502,61
164	7502,61
165	7644,90
166	7644,90
167	7293,16
168	7293,16
169	7293,16
170	7293,16
171	7220,93
172	7220,85
173	7220,85
174	7220,85
175	7179,37
176	7179,37
177	7179,37
178	7179,37
179	7179,37
180	7179,37
181	7179,37
182	6988,33
183	7148,80
184	7126,73
185	7126,73
186	7086,14
187	7086,14
188	7086,14
189	7086,14
190	7086,14
191	7086,14
192	7086,14
193	7086,14
194	7044,88
195	7044,88
196	7044,88
197	7044,88
198	6986,59
199	6986,59
200	6986,59
201	6986,59
202	6950,95
203	6950,95
204	6950,95
205	6899,76
206	6899,76
207	6899,76
208	6899,76
209	6899,76
210	6977,59
211	6977,59
212	6977,59
213	6977,59
214	6977,59
215	6977,59
216	6966,65
217	6966,65
218	6966,65
219	6966,65
220	7041,81
221	7041,81
222	7020,00
223	7020,00
224	7020,00
225	7020,00
226	6895,06
227	6895,06
228	6879,73
229	6879,73
230	6879,73
231	6879,73
232	6879,73
233	6873,19
234	6873,19
235	6794,34
236	6794,34
237	6794,34
238	6794,34
239	6794,34
240	6794,34
241	6794,34
242	6794,34
243	6794,34
244	6794,34
245	6782,02
246	6782,02
247	6782,02
248	6780,55
249	6751,61
250	6751,61
251	6751,61
252	6632,74
253	6632,74
254	6632,74
255	6632,74
256	6632,74
257	6567,25
258	6567,25
259	6567,25
260	6567,25
261	6567,25
262	6518,00
263	6518,00
264	6518,00
265	6508,79
266	6470,48
267	6470,48
268	6470,48
269	6470,48
270	6470,48
271	6470,48
272	6467,94
273	6418,10
274	6418,10
275	6414,50
276	6411,67
277	6411,67
278	6410,63
279	6402,41
280	6402,41
281	6402,41
282	6402,41
283	6402,41
284	6402,41
285	6402,41
286	6402,41
287	6376,82
288	6356,05
289	6356,05
290	6346,66
291	6346,66
292	6346,66
293	6346,66
294	6346,66
295	6346,66
296	6346,66
297	6346,66
298	6346,66
299	6346,66
300	6346,66
301	6346,66
302	6346,66
303	6346,66
304	6346,66
305	6346,66
306	6346,66
307	6346,66
308	6346,66
309	6299,66
310	6299,66
311	6288,21
312	6288,21
313	6288,21
314	6288,21
315	6288,21
316	6288,21
317	6288,21
318	6288,21
319	6288,21
320	6288,21
321	6288,21
322	6288,21
323	6288,21
324	6282,86
325	6282,86
326	6282,86
327	6282,86
328	6282,68
329	6282,68
330	6282,68
331	6282,68
332	6282,68
333	6279,13
334	6279,13
335	6272,01
336	6267,61
337	6267,61
338	6267,61
339	6267,61
340	6267,61
341	6267,61
342	6221,07
343	6221,07
344	6208,87
345	6208,87
346	6208,87
347	6208,87
348	6206,17
349	6206,17
350	6206,17
351	6206,17
352	6206,17
353	6206,17
354	6196,57
355	6196,57
356	6196,57
357	6196,57
358	6196,57
359	6196,57
360	6196,57
361	6196,57
362	6196,57
363	6196,57
364	6196,57
365	6196,57
366	6196,57
367	6196,57
368	6196,57
369	6156,51
370	6156,51
371	6156,51
372	6154,37
373	6154,37
374	6154,37
375	6154,37
376	6154,37
377	6154,37
378	6154,37
379	6154,37
380	6154,37
381	6154,37
382	6154,37
383	6154,37
384	6154,37
385	6154,37
386	6154,37
387	6150,53
388	6124,56
389	6124,56
390	6124,56
391	6101,40
392	6101,40
393	6101,40
394	6101,40
395	6089,28
396	6089,28
397	6089,28
398	6089,28
399	6089,28
400	6089,28
401	6088,88
402	6088,88
403	6088,88
404	6088,88
405	6088,88
406	6088,88
407	6083,89
408	6061,22
409	6061,22
410	6061,22
411	6061,22
412	6061,22
413	6061,22
414	6061,22
415	6061,22
416	6061,22
417	6043,31
418	6043,31
419	6043,31
420	6043,31
421	6043,31
422	6043,31
423	6043,31
424	6043,31
425	6043,31
426	6039,25
427	6039,25
428	6039,25
429	6032,97
430	6000,04
431	6000,04
432	6000,04
433	6000,04
434	6000,04
435	5998,72
436	5998,72
437	5998,72
438	5959,98
439	5959,98
440	5959,98
441	5959,98
442	5959,98
443	5948,52
444	5948,52
445	5948,52
446	5948,52
447	5948,52
448	5948,52
449	5948,52
450	5948,52
451	5948,52
452	5948,52
453	5948,52
454	5948,52
455	5948,52
456	5948,52
457	5948,52
458	5948,52
459	5948,52
460	5944,46
461	5944,46
462	5944,46
463	5944,46
464	5944,46
465	5944,46
466	5944,46
467	5944,46
468	5944,46
469	5944,46
470	5944,46
471	5944,46
472	5942,03
473	5942,03
474	5942,03
475	5939,40
476	5939,40
477	5933,80
478	5933,80
479	5933,80
480	5933,80
481	5933,80
482	5933,80
483	5933,80
484	5933,80
485	5933,80
486	5932,31
487	5932,31
488	5932,31
489	5932,31
490	5932,31
491	5932,31
492	5932,31
493	5932,31
494	5932,31
495	5932,31
496	5932,31
497	5924,38
498	5924,38
499	5924,38
500	5899,67
501	5899,67
502	5899,67
503	5899,67
504	5899,67
505	5899,67
506	5873,88
507	5873,88
508	5873,88
509	5873,88
510	5873,88
511	5873,88
512	5873,88
513	5873,88
514	5873,88
515	5873,88
516	5834,91
517	5834,91
518	5834,91
519	5834,91
520	5834,91
521	5834,91
522	5834,91
523	5834,91
524	5834,91
525	5834,91
526	5834,91
527	5834,91
528	5834,91
529	5834,91
530	5834,91
531	5834,91
532	5834,91
533	5834,91
534	5834,91
535	5834,91
536	5834,91
537	5834,91
538	5834,91
539	5834,91
540	5830,98
541	5830,98
542	5830,98
543	5830,98
544	5830,98
545	5821,66
546	5821,66
547	5821,66
548	5821,66
549	5821,66
550	5821,66
551	5821,66
552	5821,66
553	5821,66
554	5821,66
555	5821,66
556	5821,66
557	5821,66
558	5821,66
559	5821,66
560	5821,66
561	5821,66
562	5821,66
563	5821,66
564	5816,31
565	5759,69
566	5759,69
567	5759,69
568	5759,69
569	5759,69
570	5759,69
571	5759,69
572	5759,69
573	5759,69
574	5759,69
575	5759,69
576	5759,69
577	5759,69
578	5759,69
579	5759,69
580	5759,69
581	5759,69
582	5759,69
583	5759,63
584	5756,53
585	5754,63
586	5754,63
587	5754,63
588	5754,63
589	5754,35
590	5754,35
591	5754,35
592	5754,35
593	5754,35
594	5754,35
595	5754,35
596	5754,35
597	5754,35
598	5754,35
599	5754,28
600	5751,19
601	5751,19
602	5751,19
603	5735,50
604	5735,50
605	5735,50
606	5735,50
607	5734,18
608	5734,18
609	5728,22
610	5728,22
611	5728,22
612	5728,22
613	5728,22
