0	3905,63
1	3215,46
2	2761,28
3	2639,70
4	2639,70
5	2325,53
6	2262,57
7	2226,49
8	2164,28
9	2164,28
10	2008,01
11	1994,78
12	1992,40
13	1946,62
14	1946,62
15	1946,62
16	1939,72
17	1909,08
18	1909,08
19	1838,20
20	1838,20
21	1838,20
22	1838,20
23	1833,11
24	1813,85
25	1769,40
26	1769,40
27	1697,52
28	1697,52
29	1697,52
30	1697,52
31	1697,52
32	1697,52
33	1669,68
34	1662,04
35	1662,04
36	1662,04
37	1629,70
38	1629,70
39	1629,70
40	1629,70
41	1622,75
42	1622,75
43	1622,75
44	1614,91
45	1614,91
46	1607,18
47	1607,18
48	1607,18
49	1607,18
50	1607,18
51	1607,18
52	1607,18
53	1580,68
54	1580,68
55	1580,68
56	1580,68
57	1580,68
58	1580,68
59	1565,02
60	1565,02
61	1565,02
62	1565,02
63	1565,02
64	1558,25
65	1558,25
66	1557,40
67	1557,40
68	1557,40
69	1557,40
70	1557,40
71	1553,39
72	1553,39
73	1553,39
74	1550,41
75	1550,41
76	1550,41
77	1550,41
78	1550,41
79	1550,41
80	1542,27
81	1533,84
82	1533,84
83	1533,84
84	1533,84
85	1533,84
86	1533,84
87	1533,84
88	1533,84
89	1533,84
90	1525,70
91	1525,70
92	1525,70
93	1525,70
94	1525,70
95	1525,70
96	1525,70
97	1525,70
98	1525,70
99	1525,70
100	1523,51
101	1523,51
102	1523,51
103	1522,20
104	1522,20
105	1522,20
106	1522,20
107	1521,79
108	1517,27
109	1517,27
110	1517,27
111	1517,27
112	1517,27
113	1517,27
114	1517,27
115	1517,27
116	1517,27
117	1517,27
118	1517,27
119	1517,22
120	1512,58
121	1512,58
122	1512,58
123	1512,58
124	1512,58
125	1512,58
126	1512,58
127	1512,58
128	1512,58
129	1512,58
130	1512,58
131	1512,58
132	1512,53
133	1512,53
134	1512,53
135	1512,53
136	1512,53
137	1512,53
138	1512,53
139	1512,53
140	1510,33
141	1510,33
142	1510,33
143	1510,33
144	1510,33
145	1510,33
146	1510,33
147	1510,33
148	1510,33
149	1510,33
150	1510,33
151	1510,33
152	1510,33
153	1510,33
154	1510,33
155	1510,33
156	1510,33
157	1510,33
158	1510,33
159	1504,96
160	1504,96
161	1504,96
162	1504,57
163	1504,57
164	1504,57
165	1504,57
166	1504,57
167	1504,57
168	1504,57
169	1504,57
170	1504,57
171	1504,57
172	1504,57
173	1498,71
174	1498,71
175	1498,71
176	1498,71
177	1498,71
178	1498,71
179	1498,71
180	1498,71
181	1498,71
182	1498,71
183	1498,71
184	1498,71
185	1498,71
186	1498,71
187	1498,71
188	1498,71
189	1498,71
190	1498,71
191	1493,34
192	1493,34
193	1493,34
194	1493,34
195	1493,34
196	1493,34
197	1493,34
198	1493,34
199	1493,34
200	1493,34
201	1493,34
202	1493,34
203	1493,34
204	1493,34
205	1493,34
206	1493,34
207	1493,34
208	1493,34
209	1493,34
210	1493,34
211	1493,34
212	1493,34
213	1493,34
214	1493,34
215	1493,34
216	1489,76
217	1489,76
218	1489,76
219	1489,76
220	1489,76
221	1489,76
222	1489,76
223	1489,76
224	1489,76
225	1489,76
226	1489,76
227	1489,76
228	1489,76
229	1489,76
230	1489,76
231	1489,76
232	1489,76
233	1489,76
234	1489,76
235	1489,76
236	1489,76
237	1489,76
238	1489,76
239	1489,76
240	1489,76
241	1489,76
242	1489,76
243	1489,76
244	1489,76
245	1489,76
246	1489,76
247	1489,76
248	1489,76
249	1489,76
250	1489,76
251	1489,76
252	1489,76
253	1489,76
254	1489,76
255	1489,76
256	1489,76
257	1483,90
258	1483,90
259	1483,90
260	1483,90
261	1483,90
262	1483,90
263	1453,32
264	1453,32
265	1453,32
266	1453,32
267	1453,32
268	1453,32
269	1453,32
270	1453,32
271	1453,32
272	1452,82
273	1452,82
274	1452,82
275	1452,82
276	1452,82
277	1452,82
278	1452,82
279	1452,82
280	1452,82
281	1452,82
282	1452,82
283	1452,82
284	1452,82
285	1452,82
286	1452,82
287	1452,82
288	1452,82
289	1452,82
290	1452,82
291	1452,82
292	1452,82
293	1452,82
294	1452,82
295	1452,82
296	1452,82
297	1452,82
298	1452,82
299	1452,82
300	1452,82
301	1452,82
302	1452,82
303	1452,82
304	1452,82
305	1452,82
306	1452,82
307	1452,82
308	1452,82
309	1452,82
310	1452,82
311	1452,82
312	1452,82
313	1452,82
314	1452,82
315	1452,82
316	1452,82
317	1452,82
318	1452,82
319	1452,82
320	1452,82
321	1452,82
322	1452,82
323	1452,82
324	1452,82
325	1452,82
326	1452,82
327	1452,82
328	1452,82
329	1452,82
330	1452,82
331	1452,82
332	1452,82
333	1452,82
334	1452,82
335	1452,82
336	1452,82
337	1452,82
338	1452,82
339	1452,82
340	1452,82
341	1452,82
342	1452,82
343	1452,82
344	1452,82
345	1452,82
346	1452,82
347	1452,82
348	1452,82
349	1452,82
350	1452,82
351	1452,82
352	1452,82
353	1452,82
354	1452,82
355	1452,82
356	1452,82
357	1452,82
358	1452,82
359	1452,82
360	1452,82
361	1452,82
362	1452,82
363	1452,82
364	1452,82
365	1452,82
366	1452,82
367	1452,82
368	1452,82
369	1452,82
370	1452,82
371	1452,82
372	1452,82
373	1452,82
374	1452,82
375	1452,82
376	1452,82
377	1452,82
378	1452,82
379	1452,82
380	1452,82
381	1452,82
382	1452,82
383	1452,82
384	1452,82
385	1452,82
386	1452,82
387	1452,82
388	1452,82
389	1452,82
390	1452,82
391	1452,82
392	1452,82
393	1452,82
394	1452,82
395	1452,82
396	1452,82
397	1452,82
398	1452,82
399	1452,82
400	1452,82
401	1452,82
402	1452,82
403	1452,82
404	1452,82
405	1452,82
406	1452,82
407	1452,82
408	1452,82
409	1452,82
410	1452,82
411	1452,82
412	1452,82
413	1452,82
414	1452,82
415	1452,82
416	1452,82
417	1452,82
418	1452,82
419	1452,82
420	1452,82
421	1452,82
422	1452,82
423	1452,82
424	1452,82
425	1452,82
426	1452,82
427	1452,82
428	1452,82
429	1452,82
430	1452,82
431	1452,82
432	1452,82
433	1452,82
434	1452,82
435	1452,82
436	1452,82
437	1452,82
438	1452,82
439	1452,82
440	1452,82
441	1452,82
442	1452,82
443	1452,82
444	1452,82
445	1452,82
446	1452,82
447	1452,82
448	1452,82
449	1452,82
450	1452,82
451	1452,82
452	1452,82
453	1452,82
454	1452,82
455	1452,82
456	1452,82
457	1452,82
458	1452,82
459	1452,82
460	1452,82
461	1452,82
462	1452,82
463	1452,82
464	1452,82
465	1452,82
466	1452,82
467	1452,82
468	1452,82
469	1452,82
470	1452,82
471	1452,82
472	1452,82
473	1452,82
474	1452,82
475	1452,82
476	1452,82
477	1452,82
478	1452,82
479	1452,82
480	1452,82
481	1452,82
482	1452,82
483	1452,82
484	1452,82
485	1452,82
486	1452,82
487	1452,82
488	1452,82
489	1452,82
490	1452,82
491	1452,82
492	1452,82
493	1452,82
494	1452,82
495	1452,82
496	1452,82
497	1452,82
498	1452,82
499	1452,82
500	1452,82
501	1452,82
502	1452,82
503	1452,82
504	1452,82
505	1452,82
506	1452,82
507	1452,82
508	1452,82
509	1452,82
510	1452,82
511	1452,82
512	1452,82
513	1452,82
514	1452,82
515	1452,82
516	1452,82
517	1452,82
518	1452,82
519	1452,82
520	1452,82
521	1452,82
522	1452,82
523	1452,82
524	1452,82
525	1452,82
526	1452,82
527	1452,82
528	1452,82
529	1452,82
530	1452,82
531	1452,82
532	1452,82
533	1452,82
534	1452,82
535	1452,82
536	1452,82
537	1452,82
538	1452,82
539	1452,82
540	1452,82
541	1452,82
542	1452,82
543	1452,82
544	1452,82
545	1452,82
546	1452,82
547	1452,82
548	1452,82
549	1452,82
550	1452,82
551	1452,82
552	1452,82
553	1452,82
554	1452,82
555	1452,82
556	1452,82
557	1452,82
558	1452,82
559	1452,82
560	1452,82
561	1452,82
562	1452,82
563	1452,82
564	1452,82
565	1452,82
566	1452,82
567	1452,82
568	1452,82
569	1452,82
570	1452,82
571	1452,82
572	1452,82
573	1452,82
574	1452,82
575	1452,82
576	1452,82
577	1452,82
578	1452,82
579	1452,82
580	1452,82
581	1452,82
582	1452,82
583	1452,82
584	1452,82
585	1452,82
586	1452,82
587	1452,82
588	1452,82
589	1452,82
590	1452,82
591	1452,82
592	1452,82
593	1452,82
594	1452,82
595	1452,82
596	1452,82
597	1452,82
598	1452,82
599	1452,82
600	1452,82
601	1452,82
602	1452,82
603	1452,82
604	1452,82
605	1452,82
606	1452,82
607	1452,82
608	1452,82
609	1452,82
610	1452,82
611	1452,82
612	1452,82
613	1452,82
614	1452,82
615	1452,82
616	1452,82
617	1452,82
618	1452,82
619	1452,82
620	1452,82
621	1452,82
622	1452,82
623	1452,82
624	1452,82
625	1452,82
626	1452,82
627	1452,82
628	1452,82
629	1452,82
630	1452,82
631	1452,82
632	1452,82
633	1452,82
634	1452,82
635	1452,82
636	1452,82
637	1452,82
638	1452,82
639	1452,82
640	1452,82
641	1452,82
642	1452,82
643	1452,82
644	1452,82
645	1452,82
646	1452,82
647	1452,82
648	1452,82
649	1452,82
650	1452,82
651	1452,82
652	1452,82
653	1452,82
654	1452,82
655	1452,82
656	1452,82
657	1452,82
658	1452,82
659	1452,82
660	1452,82
661	1452,82
662	1452,82
663	1452,82
664	1452,82
665	1452,82
666	1452,82
667	1452,82
668	1452,82
669	1452,82
670	1452,82
671	1452,82
672	1452,82
673	1452,82
674	1452,82
675	1452,82
676	1452,82
677	1452,82
678	1452,82
679	1452,82
680	1452,82
681	1452,82
682	1452,82
683	1452,82
684	1452,82
685	1452,82
686	1452,82
687	1452,82
688	1452,82
689	1452,82
690	1452,82
691	1452,82
692	1452,82
693	1452,82
694	1452,82
695	1452,82
696	1452,82
697	1452,82
698	1452,82
699	1452,82
700	1452,82
701	1452,82
702	1452,82
703	1452,82
704	1452,82
705	1452,82
706	1452,82
707	1452,82
708	1452,82
709	1452,82
710	1452,82
711	1452,82
712	1452,82
713	1452,82
714	1452,82
715	1452,82
716	1452,82
717	1452,82
718	1452,82
719	1452,82
720	1452,82
721	1452,82
722	1452,82
723	1452,82
724	1452,82
725	1452,82
726	1452,82
727	1452,82
728	1452,82
729	1452,82
730	1452,82
731	1452,82
732	1452,82
733	1452,82
734	1452,82
735	1452,82
736	1452,82
737	1452,82
738	1452,82
739	1452,82
740	1452,82
741	1452,82
742	1452,82
743	1452,82
744	1452,82
745	1452,82
746	1452,82
747	1452,82
748	1452,82
749	1452,82
750	1452,82
751	1452,82
752	1452,82
753	1452,82
754	1452,82
755	1452,82
756	1452,82
757	1452,82
758	1452,82
759	1452,82
760	1452,82
761	1452,82
762	1452,82
763	1452,82
764	1452,82
765	1452,82
766	1452,82
767	1452,82
768	1452,82
769	1452,82
770	1452,82
771	1452,82
772	1452,82
773	1452,82
774	1452,82
775	1452,82
776	1452,82
777	1452,82
778	1452,82
779	1452,82
780	1452,82
781	1452,82
782	1452,82
783	1452,82
784	1452,82
785	1452,82
786	1452,82
787	1452,82
788	1452,82
789	1452,82
790	1452,82
791	1452,82
792	1452,82
793	1452,82
794	1452,82
795	1452,82
796	1452,82
797	1452,82
798	1452,82
799	1452,82
800	1452,82
801	1452,82
802	1452,82
803	1452,82
804	1452,82
805	1452,82
806	1452,82
807	1452,82
808	1452,82
809	1452,82
810	1452,82
811	1452,82
812	1452,82
813	1452,82
814	1452,82
815	1452,82
816	1452,82
817	1452,82
818	1452,82
819	1452,82
820	1452,82
821	1452,82
822	1452,82
823	1452,82
824	1452,82
825	1452,82
826	1452,82
827	1452,82
828	1452,82
829	1452,82
830	1452,82
831	1452,82
832	1452,82
833	1452,82
834	1452,82
835	1452,82
836	1452,82
837	1452,82
838	1452,82
839	1452,82
840	1452,82
841	1452,82
842	1452,82
843	1452,82
844	1452,82
845	1452,82
846	1452,82
847	1452,82
848	1452,82
849	1452,82
850	1452,82
851	1452,82
852	1452,82
853	1452,82
854	1452,82
855	1452,82
856	1452,82
857	1452,82
858	1452,82
859	1452,82
860	1452,82
861	1452,82
862	1452,82
863	1452,82
864	1452,82
865	1452,82
866	1452,82
867	1452,82
868	1452,82
869	1452,82
870	1452,82
871	1452,82
872	1452,82
873	1452,82
874	1452,82
875	1452,82
876	1452,82
877	1452,82
878	1452,82
879	1452,82
880	1452,82
881	1452,82
882	1452,82
883	1452,82
884	1452,82
885	1452,82
886	1452,82
887	1452,82
888	1452,82
889	1452,82
890	1452,82
891	1452,82
892	1452,82
893	1452,82
894	1452,82
895	1452,82
896	1452,82
897	1452,82
898	1452,82
899	1452,82
900	1452,82
901	1452,82
902	1452,82
903	1452,82
904	1452,82
905	1452,82
906	1452,82
907	1452,82
908	1452,82
909	1452,82
910	1447,82
911	1447,82
912	1441,97
913	1441,97
914	1435,37
915	1435,37
916	1435,37
917	1435,37
918	1435,37
919	1435,37
920	1430,34
921	1430,34
922	1423,75
923	1423,75
924	1423,75
925	1423,75
926	1423,75
927	1423,75
928	1423,75
929	1423,75
930	1423,75
931	1423,75
932	1423,75
933	1423,75
934	1423,75
935	1423,75
936	1423,75
937	1423,75
938	1423,75
939	1423,75
940	1423,75
941	1423,75
942	1423,75
943	1423,75
944	1423,75
945	1423,75
946	1423,75
947	1390,63
948	1390,63
949	1390,63
950	1390,63
951	1390,63
952	1390,63
953	1390,63
954	1390,63
955	1390,63
956	1390,63
957	1390,63
958	1390,63
959	1390,63
960	1390,63
961	1390,63
962	1390,63
963	1390,63
964	1390,63
965	1390,63
966	1390,63
967	1390,63
968	1390,63
969	1390,63
970	1390,63
971	1390,63
972	1390,63
973	1390,63
974	1390,63
975	1390,63
976	1387,92
977	1387,92
978	1387,92
979	1387,92
980	1387,92
981	1387,92
982	1387,92
983	1387,92
984	1387,92
985	1387,92
986	1387,92
987	1387,92
988	1387,92
989	1387,92
990	1387,78
991	1387,78
992	1387,78
993	1387,78
994	1387,78
995	1387,78
996	1387,78
997	1387,78
998	1387,78
999	1387,78
1000	1387,78
1001	1387,78
1002	1387,78
1003	1387,78
1004	1387,78
1005	1387,78
1006	1387,78
1007	1387,78
1008	1387,78
1009	1387,78
1010	1387,78
1011	1387,78
1012	1387,78
1013	1387,78
1014	1387,78
1015	1387,78
1016	1387,78
1017	1387,78
1018	1387,78
1019	1387,78
1020	1387,78
1021	1387,78
1022	1387,78
1023	1387,78
1024	1387,78
1025	1387,78
1026	1387,78
1027	1387,78
1028	1387,78
1029	1387,78
1030	1387,78
1031	1387,78
1032	1387,78
1033	1387,78
1034	1387,78
1035	1387,78
1036	1387,78
1037	1387,78
1038	1387,78
1039	1387,78
1040	1387,78
1041	1387,78
1042	1387,78
1043	1387,78
1044	1387,78
1045	1387,78
1046	1387,78
1047	1387,78
1048	1387,78
1049	1387,78
1050	1387,78
1051	1387,78
1052	1387,78
1053	1387,78
1054	1387,78
1055	1387,78
1056	1387,78
1057	1387,78
1058	1387,78
1059	1387,78
1060	1387,78
1061	1387,78
1062	1387,78
1063	1387,78
1064	1387,78
1065	1387,78
1066	1387,78
1067	1387,78
1068	1387,78
1069	1387,78
1070	1387,78
1071	1387,78
1072	1387,78
1073	1387,78
1074	1387,78
1075	1387,78
1076	1380,77
1077	1380,77
1078	1380,77
1079	1380,77
1080	1380,77
1081	1380,77
1082	1380,77
1083	1380,77
1084	1380,77
1085	1380,77
1086	1380,77
1087	1380,77
1088	1380,77
1089	1380,77
1090	1380,77
1091	1380,77
1092	1380,77
1093	1380,77
1094	1380,77
1095	1380,77
1096	1380,77
1097	1380,77
1098	1380,77
1099	1380,77
1100	1380,77
1101	1380,77
1102	1380,77
1103	1380,77
1104	1380,77
1105	1380,77
1106	1380,77
1107	1380,77
1108	1380,77
1109	1380,77
1110	1380,77
1111	1380,77
1112	1380,77
1113	1380,77
1114	1380,77
1115	1380,77
1116	1380,77
1117	1380,77
1118	1380,77
1119	1380,77
1120	1380,77
1121	1380,77
1122	1380,77
1123	1380,77
1124	1380,77
1125	1380,77
1126	1380,77
1127	1380,77
1128	1380,77
1129	1380,77
1130	1359,21
