0	3837,98
1	3406,89
2	3365,64
3	3054,07
4	3054,07
5	2928,43
6	2805,36
7	2714,83
8	2611,74
9	2580,11
10	2497,12
11	2458,09
12	2301,39
13	2294,94
14	2294,94
15	2294,94
16	2294,94
17	2113,01
18	2113,01
19	2113,01
20	2113,01
21	2027,46
22	2086,82
23	2064,08
24	2064,08
25	1972,19
26	2034,15
27	2005,22
28	2005,22
29	1919,28
30	1932,77
31	1891,98
32	1891,98
33	1891,98
34	1908,98
35	1841,68
36	1843,85
37	1780,22
38	1853,63
39	1853,63
40	1853,63
41	1853,63
42	1853,63
43	1847,23
44	1756,85
45	1846,92
46	1809,23
47	1723,07
48	1672,44
49	1659,55
50	1611,79
51	1611,79
52	1611,79
53	1611,79
54	1611,79
55	1592,33
56	1544,50
57	1525,63
58	1524,81
59	1487,42
60	1487,42
61	1487,42
62	1469,20
63	1456,84
64	1456,84
65	1456,84
66	1456,84
67	1456,84
68	1456,84
69	1424,48
70	1424,48
71	1424,48
72	1424,48
73	1353,76
