0	3860,97
1	2819,30
2	2787,66
3	1814,54
4	1814,54
5	2424,92
6	2378,75
7	2378,75
8	2295,88
9	2295,88
10	1995,68
11	2021,96
12	2021,96
13	1986,13
14	1986,13
15	1986,13
16	1986,13
17	1968,50
18	1968,50
19	1848,74
20	1839,22
21	1831,17
22	1774,81
23	1785,40
24	1777,12
25	1777,12
26	1777,12
27	1777,12
28	1742,24
29	1742,24
30	1742,24
31	1777,12
32	1777,12
33	1777,12
34	1777,12
35	1777,12
36	1777,12
37	1777,12
38	1756,71
39	1752,64
40	1728,21
41	1728,21
42	1728,21
43	1676,51
44	1676,51
45	1676,51
46	1676,51
47	1676,51
48	1676,51
49	1676,51
50	1676,51
51	1662,37
52	1654,77
53	1598,69
54	1598,69
55	1598,69
56	1598,69
57	1598,69
58	1598,69
59	1598,69
60	1598,69
61	1592,83
62	1592,83
63	1557,52
64	1557,52
65	1557,52
66	1557,52
67	1557,52
68	1557,52
69	1557,52
70	1557,52
71	1544,97
72	1504,85
73	1504,85
74	1504,85
75	1504,85
76	1504,85
77	1504,85
78	1459,83
79	1456,56
80	1456,56
81	1456,56
82	1456,56
83	1456,56
84	1445,57
85	1445,57
86	1445,57
87	1445,57
88	1445,57
89	1445,57
90	1445,57
91	1445,57
92	1445,57
93	1445,57
94	1445,57
95	1445,57
96	1445,57
97	1445,57
98	1445,57
99	1445,57
100	1445,57
101	1445,57
102	1445,57
103	1445,57
104	1445,57
105	1445,57
106	1445,57
107	1445,57
108	1439,34
109	1439,34
110	1439,34
111	1439,34
112	1439,34
113	1436,73
114	1436,73
115	1436,73
116	1436,73
117	1436,73
118	1436,73
119	1436,73
120	1436,73
121	1436,73
122	1436,73
123	1436,73
124	1436,73
125	1436,73
126	1436,73
127	1436,73
128	1436,73
129	1436,73
130	1436,73
131	1436,73
132	1436,73
133	1436,73
134	1436,73
135	1436,73
136	1436,73
137	1436,73
138	1436,73
139	1436,73
140	1436,73
141	1436,73
142	1436,73
143	1436,73
144	1436,73
145	1436,73
146	1436,73
147	1436,73
148	1436,73
149	1436,73
150	1436,73
151	1430,88
152	1430,88
153	1430,88
154	1430,88
155	1430,88
156	1430,88
157	1430,88
158	1430,88
159	1430,88
160	1430,88
161	1430,88
162	1430,88
163	1430,88
164	1430,88
165	1430,88
166	1430,88
167	1430,88
168	1430,88
169	1430,88
170	1430,88
171	1430,88
172	1430,88
173	1430,88
174	1430,88
175	1430,88
176	1430,88
177	1430,88
178	1430,88
179	1430,88
180	1430,88
181	1430,88
182	1430,88
183	1430,88
184	1430,88
185	1430,88
186	1430,88
187	1430,88
188	1430,88
189	1430,88
190	1430,88
191	1430,88
192	1430,88
193	1430,88
194	1430,88
195	1430,88
196	1430,88
197	1430,88
198	1430,88
199	1430,88
200	1430,88
201	1430,88
202	1430,88
203	1430,88
204	1430,88
205	1430,88
206	1430,88
207	1430,88
208	1430,88
209	1430,88
210	1430,88
211	1430,88
212	1430,88
213	1430,88
214	1430,88
215	1430,88
216	1430,88
217	1430,88
218	1430,88
219	1430,88
220	1430,88
221	1430,88
222	1430,88
223	1430,88
224	1430,88
225	1430,88
226	1430,88
227	1430,88
228	1430,88
229	1430,88
230	1430,88
231	1430,88
232	1430,88
233	1430,88
234	1430,88
235	1430,88
236	1430,88
237	1430,88
238	1430,88
239	1430,88
240	1430,88
241	1430,88
242	1430,88
243	1430,88
244	1430,88
245	1430,88
246	1430,88
247	1430,88
248	1430,88
249	1430,88
250	1430,88
251	1430,88
252	1430,88
253	1430,88
254	1430,88
255	1430,88
256	1430,88
257	1430,88
258	1430,88
259	1430,88
260	1430,88
261	1430,88
262	1430,88
263	1430,88
264	1430,88
265	1430,88
266	1430,88
267	1430,88
268	1430,88
269	1430,88
270	1430,88
271	1430,88
272	1430,88
273	1430,88
274	1430,88
275	1430,88
276	1430,88
277	1430,88
278	1430,88
279	1430,88
280	1430,88
281	1430,88
282	1430,88
283	1430,88
284	1430,88
285	1430,88
286	1430,88
287	1430,88
288	1430,88
289	1430,88
290	1430,88
291	1430,88
292	1430,88
293	1430,88
294	1430,88
295	1430,88
296	1430,88
297	1430,88
298	1430,88
299	1430,88
300	1430,88
301	1430,88
302	1430,88
303	1430,88
304	1430,88
305	1430,88
306	1430,88
307	1430,88
308	1430,88
309	1430,88
310	1430,88
311	1430,88
312	1365,69
