0	8017,68
1	7620,52
2	6896,85
3	6273,82
4	5736,23
5	5557,50
6	5358,36
7	5106,22
8	4801,81
9	4574,83
10	4483,84
11	4374,60
12	4322,36
13	4155,95
14	4082,26
15	3995,20
16	3967,51
17	3936,43
18	3887,60
19	3862,72
20	3797,72
21	3745,50
22	3727,28
23	3676,37
24	3682,17
25	3668,45
26	3654,38
27	3654,38
28	3641,41
29	3638,07
30	3599,02
31	3599,02
32	3551,63
33	3512,24
34	3492,24
35	3487,72
36	3504,40
37	3485,33
38	3485,33
39	3469,77
40	3469,77
41	3453,11
42	3465,92
43	3457,64
44	3464,78
45	3450,10
46	3450,10
47	3407,25
48	3402,95
49	3402,95
50	3402,95
51	3402,95
52	3402,95
53	3400,04
54	3386,10
55	3386,10
56	3352,11
57	3362,26
58	3343,77
59	3328,13
60	3328,13
61	3253,96
62	3253,96
63	3253,96
64	3252,18
65	3245,68
66	3253,96
67	3253,96
68	3253,96
69	3252,18
70	3253,96
71	3253,96
72	3253,96
73	3253,96
74	3253,96
75	3253,96
76	3253,96
77	3253,96
78	3246,12
79	3224,34
80	3224,34
81	3199,01
82	3182,05
83	3182,05
84	3172,50
85	3157,45
86	3157,45
87	3157,45
88	3146,35
89	3146,35
90	3146,35
91	3140,49
92	3140,49
93	3140,49
94	3140,49
95	3128,77
96	3128,77
97	3127,63
98	3122,27
99	3122,27
100	3110,58
101	3110,58
102	3098,87
103	3097,72
104	3098,87
105	3093,01
106	3091,86
107	3091,86
108	3091,86
109	3091,86
110	3089,50
111	3076,09
112	3076,09
113	3076,09
114	3076,09
115	3076,09
116	3076,09
117	3076,09
118	3076,09
119	3076,09
120	3066,14
121	3066,14
122	3066,14
123	3066,14
124	3063,22
125	3066,14
126	3065,05
127	3065,05
128	3065,05
129	3063,27
130	3053,13
131	3063,27
132	3063,27
133	3063,27
134	3063,27
135	3063,27
136	3063,27
137	3063,27
138	3063,27
139	3063,27
140	3063,27
141	3063,27
142	3058,34
143	3063,27
144	3063,27
145	3058,34
146	3058,34
147	3058,34
148	3058,34
149	3058,34
150	3058,34
151	3058,34
152	3058,34
153	3058,34
154	3058,34
155	3058,34
156	3058,34
157	3058,34
158	3058,34
159	3058,34
160	3049,57
161	3058,34
162	3058,34
163	3058,34
164	3047,76
165	3058,34
166	3058,34
167	3058,34
168	3058,34
169	3058,34
170	3057,89
171	3057,89
172	3049,61
173	3049,61
174	3049,61
175	3049,61
176	3049,61
177	3049,61
178	3049,61
179	3049,61
180	3040,84
181	3049,61
182	3049,61
183	3049,61
184	3049,61
185	3049,61
186	3049,61
187	3049,61
188	3049,41
189	3049,41
190	3049,41
191	3049,41
192	3049,41
193	3049,41
194	3049,41
195	3049,41
196	3049,41
197	3049,41
198	3049,41
199	3049,41
200	3049,41
201	3049,41
202	3049,41
203	3049,41
204	3049,41
205	3049,41
206	3049,41
207	3049,41
208	3049,41
209	3043,55
210	3043,55
211	3043,55
212	3043,55
213	3043,55
214	3043,55
215	3043,55
216	3043,55
217	3043,55
218	3043,55
219	3043,55
220	3043,55
221	3043,55
222	3043,55
223	3043,55
224	3043,55
225	3043,55
226	3043,55
227	3043,55
228	3043,55
229	3043,55
230	3043,55
231	3043,55
232	3043,55
233	3043,55
234	3043,55
235	3043,55
236	3043,55
237	3043,55
238	3043,55
239	3043,55
240	3033,43
241	3033,43
242	3033,43
243	3033,43
244	3033,43
245	3033,43
246	3033,43
247	3033,43
248	3033,43
249	3033,43
250	3033,43
251	3033,43
252	3033,43
253	3033,43
254	3033,43
255	3033,43
256	3033,43
257	3033,43
258	3033,43
259	3033,43
260	3025,75
261	3025,75
262	3025,75
263	3025,75
264	3025,75
265	3025,75
266	3025,75
267	3025,75
268	3025,75
269	3025,75
270	3025,75
271	3025,75
272	3025,75
273	3025,75
274	3025,75
275	3025,75
276	3025,75
277	3025,75
278	3025,75
279	3024,82
280	3007,34
281	2987,34
282	2987,34
283	2987,34
284	2986,69
285	2987,34
286	2987,34
287	2987,34
288	2987,34
289	2987,34
290	2987,34
291	2987,34
292	2987,34
293	2987,34
294	2987,34
295	2987,34
296	2987,34
297	2987,34
298	2987,34
299	2987,34
300	2975,42
301	2975,42
302	2975,42
303	2975,42
304	2975,42
305	2972,73
306	2975,42
307	2975,42
308	2972,73
309	2970,50
310	2951,35
311	2932,08
312	2931,79
313	2932,08
314	2932,08
315	2932,08
316	2932,08
317	2932,08
318	2932,08
319	2932,08
320	2927,39
321	2927,39
322	2927,39
323	2927,39
324	2927,39
325	2927,39
326	2927,39
327	2927,39
328	2927,39
329	2927,39
330	2927,39
331	2927,39
332	2927,39
333	2927,39
334	2927,39
335	2927,39
336	2927,39
337	2927,39
338	2927,39
339	2927,39
340	2927,39
341	2927,39
342	2927,39
343	2927,39
344	2926,89
345	2927,39
346	2927,39
347	2927,39
348	2927,39
349	2927,39
350	2927,39
351	2927,39
352	2927,39
353	2927,39
354	2927,39
355	2927,39
356	2927,39
357	2927,39
358	2927,39
359	2927,39
360	2927,39
361	2927,39
362	2927,39
363	2926,89
364	2926,89
365	2926,89
366	2926,89
367	2926,89
368	2926,89
369	2926,89
370	2922,81
371	2922,81
372	2922,81
373	2922,81
374	2922,81
375	2922,81
376	2922,81
377	2922,81
378	2922,81
379	2922,81
380	2922,81
381	2922,81
382	2922,81
383	2922,81
384	2922,81
385	2922,81
386	2922,81
387	2922,81
388	2922,81
389	2922,81
390	2910,89
391	2910,89
392	2910,89
393	2908,67
394	2910,89
395	2910,89
396	2910,89
397	2910,89
398	2910,89
399	2910,89
400	2910,89
401	2910,89
402	2910,89
403	2908,67
404	2908,67
405	2908,67
406	2908,67
407	2907,54
408	2907,54
409	2907,54
410	2907,54
411	2907,54
412	2907,54
413	2907,54
414	2907,54
415	2907,54
416	2907,54
417	2907,54
418	2907,54
419	2907,54
420	2907,54
421	2907,54
422	2907,54
423	2907,54
424	2907,54
425	2907,54
426	2907,54
427	2907,54
428	2907,54
429	2907,54
430	2907,54
431	2907,54
432	2907,54
433	2907,54
434	2907,54
435	2907,54
436	2907,54
437	2907,54
438	2907,54
439	2907,54
440	2899,25
441	2907,54
442	2907,54
443	2907,54
444	2907,54
445	2907,54
446	2907,54
447	2907,54
448	2907,54
449	2907,54
450	2890,49
451	2907,54
452	2907,54
453	2907,54
454	2907,54
455	2907,54
456	2907,54
457	2907,54
458	2907,54
459	2907,54
460	2907,54
461	2907,54
462	2907,54
463	2907,54
464	2907,54
465	2907,54
466	2907,54
467	2907,54
468	2907,54
469	2907,54
470	2907,54
471	2907,54
472	2907,54
473	2907,54
474	2907,54
475	2907,54
476	2907,54
477	2907,54
478	2907,54
479	2907,54
480	2907,54
481	2907,54
482	2907,54
483	2907,54
484	2907,54
485	2907,54
486	2907,54
487	2907,54
488	2907,54
489	2907,54
490	2896,10
491	2896,10
492	2896,10
493	2894,32
494	2881,96
