0	7954,76
1	7676,33
2	7466,82
3	7333,60
4	7089,59
5	6827,16
6	6871,20
7	6496,72
8	6385,31
9	6290,12
10	5921,18
11	5954,46
12	5895,09
13	5834,60
14	5756,80
15	5641,00
16	5557,26
17	5452,02
18	5459,41
19	5416,42
20	5232,34
21	5232,34
22	5100,64
23	5040,93
24	4948,68
25	4948,68
26	4924,31
27	4939,68
28	4877,61
29	4738,53
30	4602,56
31	4698,25
32	4640,37
33	4535,88
34	4513,36
35	4513,36
36	4476,95
37	4449,06
38	4406,65
39	4406,65
40	4406,65
41	4399,74
42	4347,38
43	4367,76
44	4265,90
45	4252,29
46	4252,29
47	4110,78
48	4051,03
49	4246,49
50	4105,15
51	4105,15
52	4078,89
53	3859,82
54	3815,53
55	3815,53
56	3749,84
57	3765,99
58	3783,32
59	3746,23
60	3721,91
61	3737,86
62	3598,24
63	3663,35
64	3627,88
65	3602,92
66	3627,24
67	3602,17
68	3635,72
69	3661,10
70	3661,10
71	3644,66
72	3644,66
73	3586,89
74	3624,71
75	3568,04
76	3568,04
77	3563,05
78	3568,04
79	3510,22
80	3510,22
81	3495,79
82	3495,79
83	3424,13
84	3424,13
85	3393,75
86	3362,30
87	3380,06
88	3393,75
89	3393,75
90	3362,30
91	3362,30
92	3386,25
93	3386,25
94	3451,07
95	3510,64
96	3540,81
97	3367,52
98	3367,52
99	3359,68
100	3367,52
101	3367,52
102	3367,52
103	3359,68
104	3367,52
105	3354,14
106	3351,93
107	3354,14
108	3350,15
109	3334,14
110	3289,22
111	3279,07
112	3274,99
113	3274,99
114	3279,07
115	3279,07
116	3210,35
117	3210,35
118	3210,35
119	3206,28
120	3156,86
121	3190,96
122	3178,64
123	3190,96
124	3180,79
125	3190,96
126	3189,81
127	3165,86
128	3165,86
129	3165,86
130	3165,86
131	3147,64
132	3147,64
133	3143,56
134	3127,64
135	3127,64
136	3127,64
137	3127,64
138	3127,64
139	3127,64
140	3127,64
141	3114,10
142	3114,10
143	3114,10
144	3097,41
145	3097,41
146	3097,41
147	3097,41
148	3096,68
149	3085,05
150	3085,05
151	3085,05
152	3085,05
153	3084,32
154	3085,05
155	3084,32
156	3084,32
157	3084,32
158	3084,32
159	3084,32
160	3084,32
161	3084,32
162	3084,32
163	3084,32
164	3084,32
165	3084,32
166	3084,32
167	3084,32
168	3084,32
169	3084,32
170	3084,32
171	3084,32
172	3084,32
173	3084,32
174	3084,32
175	3083,92
176	3084,32
177	3071,95
178	3084,32
179	3084,32
180	3084,32
181	3084,32
182	3084,32
183	3084,32
184	3084,32
185	3084,32
186	3084,32
187	3084,32
188	3084,32
189	3084,32
190	3084,32
191	3084,32
192	3084,32
193	3084,32
194	3084,32
195	3084,32
196	3084,32
197	3084,32
198	3084,32
199	3084,32
200	3084,32
201	3084,32
202	3084,32
203	3084,32
204	3084,32
205	3084,32
206	3084,32
207	3084,32
208	3084,32
209	3071,95
210	3071,95
211	3066,10
212	3064,12
213	3064,12
214	3064,12
215	3064,12
216	3064,12
217	3064,12
218	3064,12
219	3064,12
220	3058,17
221	3058,17
222	3058,17
223	3058,17
224	3058,17
225	3058,17
226	3052,49
227	3052,49
228	3052,49
229	3052,49
230	3052,49
231	3040,78
232	3040,78
233	3034,92
234	3034,92
235	3034,92
236	3034,92
237	3034,92
238	3034,92
239	3034,92
240	3034,92
241	3034,92
242	3034,92
243	3034,92
244	3034,92
245	3034,92
246	3034,92
247	3034,92
248	3034,92
249	3034,92
250	3034,92
251	3034,92
252	3034,92
253	3034,92
254	3034,92
255	3034,92
256	3034,92
257	3034,92
258	3034,92
259	3034,92
260	3034,92
261	3034,92
262	3034,92
263	3034,92
264	3034,92
265	3034,92
266	3034,92
267	3034,92
268	3029,06
269	3034,92
270	3034,92
271	3034,92
272	3034,92
273	3034,92
274	3034,53
275	3026,64
276	3026,64
277	3026,64
278	3026,64
279	3026,64
280	3026,64
281	3026,64
282	3026,64
283	3026,64
284	3026,64
285	3026,64
286	3026,64
287	3026,64
288	3026,64
289	3026,64
290	3026,64
291	3026,64
292	3026,64
293	3026,64
294	3026,64
295	3026,64
296	3026,64
297	3026,64
298	3026,64
299	3026,64
300	3014,28
301	3014,28
302	3014,28
303	3014,28
304	3014,28
305	3008,42
306	3014,28
307	3008,42
308	3008,42
309	3008,42
310	3008,42
311	3008,42
312	3008,42
313	3008,42
314	3008,42
315	3008,42
316	3008,42
317	3008,42
318	3008,42
319	3008,42
320	3008,42
321	3008,42
322	3008,42
323	3008,42
324	3008,42
325	3008,42
326	3008,42
327	3008,42
328	3008,42
329	3008,42
330	3008,42
331	3008,42
332	3008,42
333	3008,42
334	3008,42
335	3008,42
336	3008,42
337	3008,42
338	3008,42
339	3008,42
340	2974,08
341	2974,08
342	2962,36
343	2962,36
344	2863,86
345	2863,86
346	2863,86
347	2863,86
348	2863,86
349	2863,86
350	2863,86
351	2863,86
352	2858,00
353	2863,86
354	3102,17
355	3102,17
356	2973,99
357	2973,99
358	2955,77
359	2920,38
360	2907,00
361	2907,00
362	2907,00
363	2907,00
364	2902,17
365	2901,14
366	2896,31
367	2896,31
368	2896,31
369	2895,28
370	2895,28
371	2890,45
372	2890,45
373	2890,45
374	2890,45
375	2890,45
376	2890,45
377	2890,45
378	2890,45
379	2890,45
380	2878,53
381	2878,53
382	2878,53
383	2878,53
384	2878,53
385	2878,53
386	2878,53
387	2874,45
388	2874,45
389	2874,45
390	2874,45
391	2874,45
392	2874,45
393	2874,45
394	2874,45
395	2874,45
396	2874,45
397	2869,08
398	2869,08
399	2869,08
400	2864,39
401	2864,39
402	2864,39
403	2864,39
404	2864,39
405	2864,39
406	2864,39
407	2864,39
408	2864,39
409	2864,39
410	2864,39
411	2864,39
412	2864,39
413	2864,39
414	2864,39
415	2864,39
416	2864,39
417	2864,39
418	2864,39
419	2864,39
420	2864,39
421	2864,39
422	2864,39
423	2864,39
424	2864,39
425	2864,39
426	2864,39
427	2864,39
428	2864,39
429	2864,39
430	2864,39
431	2864,39
432	2864,39
433	2864,39
434	2864,39
435	2864,39
436	2864,39
437	2864,39
438	2864,39
439	2864,39
440	2864,39
441	2864,39
442	2864,39
443	2864,39
444	2864,39
445	2864,39
446	2864,39
447	2864,39
448	2864,39
449	2864,39
450	2864,39
451	2864,39
452	2864,39
453	2864,39
454	2864,39
455	2864,39
456	2864,39
457	2864,39
458	2864,39
459	2864,39
460	2852,94
461	2852,94
462	2852,94
463	2852,94
464	2852,94
465	2852,94
466	2852,94
467	2852,94
468	2852,94
469	2852,94
470	2852,94
471	2852,94
472	2852,94
473	2852,94
474	2852,94
475	2852,94
476	2852,94
477	2852,94
478	2852,94
479	2852,94
480	2852,94
481	2852,94
482	2852,94
483	2852,94
484	2852,94
485	2852,94
486	2852,94
487	2852,94
488	2852,94
489	2852,94
490	2852,94
491	2852,94
492	2852,94
493	2852,94
494	2852,94
495	2852,94
496	2852,94
497	2852,94
498	2852,94
499	2852,94
