0	7938,08
1	7308,55
2	6995,39
3	6621,46
4	6675,63
5	6352,64
6	6113,00
7	5834,16
8	5657,67
9	5308,79
10	5131,97
11	4946,07
12	5029,76
13	4964,41
14	4834,43
15	4768,92
16	4683,39
17	4657,20
18	4510,86
19	4531,25
20	4399,45
21	4400,04
22	4236,81
23	4143,67
24	4174,91
25	4134,18
26	4147,95
27	4032,14
28	4032,14
29	4029,81
30	4070,32
31	4006,08
32	4002,30
33	3961,78
34	3925,41
35	3912,58
36	3885,41
37	3863,85
38	3849,73
39	3843,52
40	3843,64
41	3803,09
42	3789,27
43	3775,32
44	3761,82
45	3775,32
46	3752,72
47	4047,85
48	4034,15
49	4047,78
50	4031,73
51	4018,03
52	4018,03
53	4027,11
54	4027,11
55	4027,11
56	3988,69
57	3990,55
58	3993,30
59	3995,88
60	3994,87
61	3990,72
62	3990,72
63	3990,72
64	3981,74
65	3966,63
66	3939,95
67	3986,03
68	3965,62
69	3930,31
70	3934,97
71	3939,73
72	3917,54
73	3933,23
74	3870,70
75	3870,70
76	3823,31
77	3789,91
78	3823,31
79	3823,31
80	3789,91
81	3788,90
82	3788,90
83	3788,90
84	3784,19
85	3776,55
86	3785,21
87	3785,21
88	3785,21
89	3785,21
90	3785,21
91	3785,21
92	3785,21
93	3785,21
94	3785,21
95	3785,21
96	3773,21
97	3785,21
98	3784,08
99	3785,21
100	3785,21
101	3785,21
102	3785,21
103	3785,21
104	3775,06
105	3785,21
106	3768,69
107	3776,99
108	3785,21
109	3785,21
110	3784,47
111	3785,21
112	3785,21
113	3785,21
114	3785,21
115	3785,21
116	3785,21
117	3781,82
118	3747,92
119	3755,33
120	3785,21
121	3781,73
122	3749,05
123	3749,70
124	3729,50
125	3723,44
126	3725,42
127	3725,42
128	3725,42
129	3723,64
130	3725,42
131	3723,64
132	3723,64
133	3719,43
134	3717,65
135	3713,58
136	3682,26
137	3653,60
138	3685,96
139	3703,05
140	3685,96
141	3709,01
142	3686,97
143	3691,96
144	3669,53
145	3687,39
146	3654,92
147	3654,92
148	3643,49
149	3649,93
150	3636,70
