0	12463,60
1	11826,49
2	11249,38
3	10709,11
4	10833,77
5	10529,07
6	10291,78
7	9917,53
8	9946,89
9	9843,55
10	9614,26
11	9426,89
12	9304,45
13	9129,03
14	9034,63
15	8761,09
16	8708,89
17	8563,08
18	8471,04
19	8281,54
20	8142,70
21	8297,27
22	8131,21
23	8009,45
24	8069,55
25	7978,97
26	7746,14
27	7779,79
28	7685,78
29	7635,02
30	7635,02
31	7582,64
32	7531,88
33	7486,42
34	7415,64
35	7308,46
36	7308,46
37	7301,41
38	7273,70
39	7242,41
40	7234,01
41	7202,83
42	7170,04
43	7131,18
44	7072,22
45	7033,36
46	7038,82
47	7013,32
48	6971,39
49	6963,24
50	6934,30
51	6877,32
52	6875,03
53	6826,67
54	6793,17
55	6812,42
56	6793,17
57	6763,01
58	6732,98
59	6719,42
60	6719,42
61	6625,68
62	6602,11
63	6602,11
64	6593,10
65	6590,28
66	6593,10
67	6529,95
68	6529,95
69	6529,95
70	6479,96
71	6501,88
72	6501,88
73	6430,72
74	6437,49
75	6437,49
76	6437,49
77	6437,49
78	6428,89
79	6437,49
80	6431,32
81	6431,32
82	6431,32
83	6431,32
84	6431,32
85	6431,32
86	6431,32
87	6431,32
88	6416,04
89	6416,04
90	6416,04
91	6416,04
92	6416,04
93	6410,24
94	6410,24
95	6410,24
96	6408,66
97	6408,66
98	6408,66
99	6408,66
100	6403,62
101	6386,14
102	6398,08
103	6408,66
104	6408,66
105	6408,66
106	6408,66
107	6408,66
108	6380,58
109	6355,01
110	6380,58
111	6380,58
112	6378,13
113	6378,13
114	6375,84
115	6367,07
116	6367,07
117	6352,36
118	6352,36
119	6352,36
120	6308,64
121	6352,36
122	6352,36
123	6352,36
124	6352,36
125	6352,36
126	6350,14
127	6341,78
128	6341,78
129	6341,78
130	6333,33
131	6333,33
132	6341,78
133	6341,78
134	6341,78
135	6341,78
136	6341,78
137	6341,78
138	6341,78
139	6341,78
140	6341,78
141	6341,78
142	6329,36
143	6329,36
144	6329,36
145	6321,46
146	6321,46
147	6321,46
148	6312,87
149	6311,09
150	6312,87
151	6312,87
152	6272,87
153	6272,87
154	6249,44
155	6249,44
156	6178,91
157	6176,89
158	6173,05
159	6173,05
160	6171,27
161	6171,27
162	6171,27
163	6171,27
164	6169,49
165	6169,49
166	6169,49
167	6169,49
168	6162,99
169	6169,49
170	6169,49
171	6169,49
172	6169,49
173	6169,49
174	6169,49
175	6169,49
176	6169,49
177	6169,49
178	6169,49
179	6169,49
180	6169,49
181	6169,49
182	6169,49
183	6169,49
184	6162,99
185	6162,99
186	6162,99
187	6162,99
188	6162,99
189	6162,99
190	6162,99
191	6162,99
192	6158,27
193	6158,27
194	6158,27
195	6152,70
196	6152,70
197	6155,22
198	6155,22
199	6155,22
200	6155,22
201	6155,22
202	6149,36
203	6149,36
204	6149,36
205	6149,36
206	6149,36
207	6149,36
208	6149,36
209	6149,36
210	6149,36
211	6149,36
212	6147,58
213	6149,36
214	6149,36
215	6149,36
216	6149,36
217	6138,37
218	6149,36
219	6149,36
220	6149,36
221	6149,36
222	6149,36
223	6137,74
224	6137,74
225	6137,74
226	6135,45
227	6137,74
228	6117,10
229	6117,10
230	6117,10
231	6117,10
232	6114,28
233	6114,28
234	6114,28
235	6114,28
236	6114,28
237	6112,30
238	6112,30
239	6095,92
240	6095,92
241	6095,92
242	6095,18
243	6095,18
244	6095,92
245	6095,92
246	6095,18
247	6095,18
248	6095,18
249	6095,18
250	6095,18
251	6095,18
252	6095,18
253	6095,18
254	6095,18
255	6091,10
256	6093,85
257	6093,85
258	6093,85
259	6093,85
260	6093,85
261	6093,85
262	6093,85
263	6093,85
264	6093,85
265	6093,85
266	6093,85
267	6093,85
268	6093,85
269	6093,85
270	6093,85
271	6093,85
272	6093,85
273	6093,85
274	6085,08
275	6085,08
276	6085,08
277	6085,08
278	6085,08
279	6085,08
280	6085,08
281	6085,08
282	6085,08
283	6082,56
284	6082,56
285	6082,56
286	6082,56
287	6082,56
288	6065,08
289	6082,56
290	6082,56
291	6065,08
292	6065,08
293	6065,08
294	6065,08
295	6065,08
296	6065,08
297	6065,08
298	6065,08
299	6064,19
300	6059,94
301	6059,94
302	6059,94
303	6055,42
304	6055,42
305	6036,56
306	6030,39
307	6030,06
308	6030,06
309	6030,06
310	6030,06
311	6030,06
312	6023,89
313	6023,89
314	6023,00
315	6023,00
316	6023,89
317	6023,00
318	6023,00
319	6016,05
320	6016,05
321	6015,17
322	6016,05
323	6016,05
324	6015,17
325	6015,17
326	6015,17
327	6016,05
328	6016,05
329	6016,05
330	6015,17
331	6006,63
332	6015,17
333	6015,17
334	6015,17
335	6013,60
336	6013,60
337	6013,60
338	6013,60
339	6013,60
340	6013,60
341	6013,60
342	6013,60
343	6013,60
344	6013,60
345	6013,60
346	6013,60
347	6013,60
348	6013,60
349	6013,60
350	6013,60
351	6013,60
352	6013,60
353	6013,60
354	6013,60
355	6013,60
356	6013,60
357	6013,60
358	6008,17
359	6008,17
360	5974,33
361	5974,33
362	5974,33
363	5974,33
364	5974,33
365	5974,33
366	5974,33
367	5974,33
368	5974,33
369	5974,33
370	5974,33
371	5974,33
372	5974,33
373	5974,33
374	5974,33
375	5974,33
376	5974,33
377	5974,33
378	5974,33
379	5974,33
380	5974,33
381	5974,33
382	5974,33
383	5974,33
384	5974,33
385	5974,33
386	5974,33
387	5974,33
388	5973,20
389	5973,20
390	5973,20
391	5973,20
392	5973,20
393	5972,86
394	5929,74
395	5973,20
396	5973,20
397	5973,20
398	5973,20
399	5973,20
400	5973,20
401	5973,20
402	5973,20
403	5973,20
404	5973,20
405	5973,20
406	5973,20
407	5973,20
408	5973,20
409	5973,20
410	5973,20
411	5973,20
412	5973,20
413	5973,20
414	5973,20
415	5973,20
416	5973,20
417	5973,20
418	5973,20
419	5973,20
420	5973,20
421	5973,20
422	5973,20
423	5973,20
424	5973,20
425	5973,20
426	5973,20
427	5973,20
428	5973,20
429	5973,20
430	5973,20
431	5973,20
432	5973,20
433	5973,20
434	5973,20
435	5973,20
436	5973,20
437	5973,20
438	5973,20
439	5973,20
440	5973,20
441	5973,20
442	5973,20
443	5973,20
444	5973,20
445	5973,20
446	5973,20
447	5973,20
448	5973,20
449	5973,20
450	5973,20
451	5973,20
452	5973,20
453	5973,20
454	5973,20
455	5973,20
456	5973,20
457	5973,20
458	5973,20
459	5973,20
460	5973,20
461	5948,22
462	5948,22
463	5948,22
464	5948,22
465	5926,14
466	5948,22
467	5948,22
468	5948,22
469	5948,22
470	5943,52
471	5930,00
472	5930,00
473	5930,00
474	5925,16
475	5925,16
476	5925,16
477	5925,16
478	5925,16
479	5925,16
480	5925,16
481	5925,16
482	5925,16
483	5925,16
484	5925,16
485	5925,16
486	5925,16
487	5925,16
488	5925,16
489	5925,16
490	5925,16
491	5925,16
492	5925,16
493	5925,16
494	5925,16
495	5925,16
496	5925,16
497	5925,16
498	5925,16
499	5925,16
500	5925,16
501	5925,16
502	5925,16
503	5925,16
504	5925,16
505	5925,16
506	5925,16
507	5925,16
508	5925,16
509	5925,16
510	5925,16
511	5925,16
512	5918,66
513	5925,16
514	5925,16
515	5925,16
516	5925,16
517	5925,16
518	5925,16
519	5925,16
520	5921,72
521	5925,16
522	5925,16
523	5925,16
524	5922,33
525	5922,33
526	5916,78
527	5916,78
528	5916,78
529	5916,78
530	5915,89
531	5915,89
532	5906,31
533	5915,89
534	5915,89
535	5906,31
536	5915,89
537	5906,31
538	5906,31
539	5906,31
540	5906,31
541	5906,31
542	5906,31
543	5905,43
544	5905,27
545	5905,43
546	5905,43
547	5905,43
548	5905,43
549	5905,43
550	5905,43
551	5905,43
552	5905,43
553	5905,43
554	5905,43
555	5905,27
556	5897,79
557	5897,79
558	5897,79
559	5817,11
560	5897,79
561	5897,79
562	5897,79
563	5897,79
564	5892,38
565	5897,79
566	5897,79
567	5897,05
568	5897,05
569	5897,05
570	5897,05
571	5897,05
572	5897,05
573	5897,05
574	5897,05
575	5897,05
576	5897,05
577	5897,05
578	5897,05
579	5897,05
580	5897,05
581	5897,05
582	5863,16
583	5897,05
584	5897,05
585	5897,05
586	5897,05
587	5897,01
588	5897,01
589	5894,62
590	5897,01
591	5897,01
592	5897,01
593	5886,75
594	5897,01
595	5890,50
596	5886,75
597	5886,75
598	5886,75
599	5885,86
600	5884,60
601	5884,60
602	5883,43
603	5882,18
604	5882,18
605	5882,18
606	5882,18
607	5882,18
608	5882,18
609	5882,18
610	5882,18
611	5882,18
612	5882,18
613	5882,18
614	5882,18
615	5882,18
616	5882,18
617	5882,18
618	5882,18
619	5882,18
620	5882,18
621	5882,18
622	5882,18
623	5882,18
624	5882,18
625	5882,18
626	5882,18
627	5882,18
628	5882,18
629	5882,18
630	5882,18
631	5882,18
632	5882,18
633	5882,18
634	5882,18
635	5882,18
636	5882,18
637	5882,18
638	5882,18
639	5882,18
640	5882,18
641	5882,18
642	5882,18
643	5879,97
644	5879,97
645	5879,97
646	5868,26
647	5868,26
648	5859,28
649	5860,22
650	5865,74
651	5856,76
652	5856,76
653	5856,76
654	5848,17
655	5838,10
656	5848,17
657	5848,17
658	5848,17
659	5848,17
660	5848,17
661	5848,17
662	5848,17
663	5848,17
664	5848,17
665	5848,17
666	5848,17
667	5848,17
668	5848,17
669	5848,17
670	5845,74
671	5845,74
672	5845,74
673	5845,74
674	5845,74
675	5845,74
676	5845,74
677	5845,74
678	5838,73
679	5838,73
680	5838,73
681	5838,73
682	5838,73
683	5838,73
684	5828,85
685	5838,73
686	5838,73
687	5838,73
688	5838,73
689	5838,73
690	5836,95
691	5838,73
692	5838,72
693	5838,72
694	5838,72
695	5796,36
696	5796,36
697	5796,36
698	5786,47
699	5796,36
700	5796,36
701	5790,30
702	5790,30
703	5790,30
704	5790,30
705	5790,30
706	5790,30
707	5790,30
708	5790,30
709	5790,30
710	5790,30
711	5790,30
712	5790,30
713	5790,30
714	5790,30
715	5790,30
716	5790,30
717	5790,30
718	5790,30
719	5790,30
720	5790,30
721	5781,92
722	5781,92
723	5781,92
724	5781,92
725	5781,92
726	5781,92
727	5781,92
728	5781,92
729	5781,92
730	5781,92
731	5781,92
732	5781,92
733	5781,92
734	5781,92
735	5781,92
736	5781,92
737	5775,41
738	5775,41
739	5775,41
740	5775,41
741	5775,41
742	5701,24
743	5769,00
744	5769,00
745	5769,00
746	5768,26
747	5701,98
748	5701,98
749	5700,20
750	5700,20
751	5696,12
752	5696,12
753	5695,38
754	5695,38
755	5695,38
756	5695,38
757	5695,38
758	5695,38
759	5695,38
760	5675,01
761	5695,38
762	5695,38
763	5695,38
764	5695,38
765	5695,38
766	5695,38
767	5695,38
768	5695,38
769	5695,38
770	5686,88
771	5695,38
772	5695,38
773	5695,38
774	5695,38
775	5695,38
776	5695,38
777	5695,38
778	5695,38
779	5695,38
780	5695,38
781	5695,38
782	5695,38
783	5695,38
784	5695,38
785	5695,38
786	5695,38
787	5695,38
788	5695,38
789	5695,38
790	5695,38
791	5670,30
792	5670,30
793	5670,30
794	5670,30
795	5670,30
796	5670,30
797	5670,30
798	5670,30
799	5670,30
800	5666,86
801	5670,30
802	5670,30
803	5670,30
804	5670,30
805	5660,42
806	5660,42
807	5660,42
808	5660,42
809	5660,42
810	5660,42
811	5660,42
812	5660,42
813	5660,42
814	5660,42
815	5660,42
816	5660,42
817	5660,42
818	5660,42
819	5660,42
820	5651,88
821	5651,88
822	5651,88
823	5651,88
824	5651,88
825	5651,88
826	5651,88
827	5651,88
828	5651,88
829	5651,88
830	5651,88
831	5651,88
832	5644,65
833	5644,65
834	5644,65
835	5644,65
836	5644,65
837	5644,65
838	5644,65
839	5644,65
840	5644,65
841	5644,65
842	5644,65
843	5644,65
844	5644,65
845	5644,65
846	5644,65
847	5644,65
848	5644,65
849	5644,65
850	5644,65
851	5644,65
852	5644,65
853	5644,65
854	5644,65
855	5644,65
856	5644,65
857	5644,65
858	5644,65
859	5641,50
860	5641,50
861	5641,50
862	5641,50
863	5641,50
864	5641,50
865	5638,59
866	5638,59
867	5638,59
868	5638,59
869	5638,59
870	5638,59
871	5638,59
872	5638,59
873	5638,59
874	5638,59
875	5638,59
876	5638,59
877	5638,59
878	5638,59
879	5638,59
880	5638,59
881	5638,59
882	5638,59
883	5638,59
884	5638,59
885	5638,59
886	5638,59
887	5638,59
888	5638,59
889	5638,59
890	5638,59
891	5638,59
892	5638,59
893	5638,59
894	5638,59
895	5638,59
896	5638,59
897	5638,59
898	5638,59
899	5638,59
900	5638,59
901	5638,59
902	5638,59
903	5626,23
904	5626,23
905	5626,23
906	5626,23
907	5620,82
908	5620,18
909	5614,52
910	5601,39
911	5601,39
912	5601,39
913	5601,39
914	5601,39
915	5601,39
916	5601,39
917	5600,74
918	5601,39
919	5601,39
920	5601,39
921	5601,39
922	5601,39
923	5601,39
924	5601,39
925	5601,39
926	5601,39
927	5601,39
928	5601,39
929	5601,39
930	5601,39
931	5601,39
932	5601,39
933	5601,39
934	5601,39
935	5601,39
936	5601,39
937	5601,39
938	5601,39
939	5601,39
940	5601,39
941	5601,39
942	5601,39
943	5601,39
944	5601,39
945	5601,39
946	5601,39
947	5601,39
948	5601,39
949	5601,39
950	5601,39
951	5601,39
952	5601,39
953	5601,39
954	5601,39
955	5601,39
956	5601,39
957	5601,39
958	5601,39
959	5601,39
960	5601,39
961	5601,39
962	5601,39
963	5601,39
964	5601,39
965	5601,39
966	5601,39
967	5601,39
968	5601,39
969	5601,39
970	5601,39
971	5601,39
972	5601,39
973	5601,39
974	5601,39
975	5601,39
976	5601,39
977	5601,39
978	5601,39
979	5601,39
980	5601,39
981	5601,39
982	5601,39
983	5601,39
984	5601,39
985	5601,39
986	5601,39
987	5601,39
988	5601,39
989	5601,39
990	5601,39
991	5601,39
992	5601,39
993	5601,39
994	5601,39
995	5601,39
996	5601,39
997	5601,39
998	5601,39
999	5601,39
1000	5601,39
