0	12786,86
1	12054,00
2	11633,09
3	11144,12
4	10819,48
5	10450,33
6	10115,67
7	9874,93
8	9620,68
9	9302,17
10	9143,43
11	8826,08
12	8558,87
13	8455,69
14	8226,72
15	8303,36
16	8159,17
17	8051,70
18	7924,70
19	7813,15
20	7681,89
21	7559,27
22	7460,35
23	7300,81
24	7214,16
25	7122,54
26	7077,31
27	7042,45
28	7034,10
29	6935,56
30	6935,56
31	6914,60
32	6909,04
33	6860,16
34	6827,80
35	6752,59
36	6706,85
37	6644,18
38	6595,87
39	6565,29
40	6501,82
41	6468,80
42	6451,72
43	6403,34
44	6325,67
45	6293,75
46	6275,77
47	6265,83
48	6265,83
49	6144,06
50	6143,32
51	6129,18
52	6097,56
53	6083,42
54	6083,42
55	6077,99
56	6077,99
57	6072,97
58	6072,97
59	6072,97
60	6072,97
61	6065,83
62	6064,05
63	6064,05
64	6064,05
65	6064,05
66	6053,88
67	6053,88
68	6053,88
69	6053,88
70	6053,88
71	6025,42
72	6017,26
73	6017,26
74	6017,26
75	6017,26
76	6017,26
77	5997,26
78	5997,26
79	5997,26
80	5980,18
81	5980,18
82	5980,18
83	5963,18
84	5943,54
85	5943,54
86	5943,54
87	5943,54
88	5920,92
89	5915,90
90	5915,90
91	5915,90
92	5915,90
93	5915,90
94	5904,06
95	5904,06
96	5901,63
97	5893,54
98	5893,54
99	5887,69
100	5887,69
101	5887,69
102	5885,18
103	5878,92
104	5873,07
105	5873,07
106	5869,08
107	5869,08
108	5869,08
109	5869,08
110	5869,08
111	5869,08
112	5869,08
113	5869,08
114	5869,08
115	5869,08
116	5863,71
117	5852,09
118	5846,85
119	5835,23
120	5835,23
121	5835,23
122	5835,23
123	5835,23
124	5835,23
125	5835,23
126	5835,23
127	5835,23
128	5821,18
129	5821,18
130	5821,18
131	5821,18
132	5821,18
133	5821,18
134	5821,18
135	5821,18
136	5796,65
137	5796,65
138	5796,65
139	5792,35
140	5792,35
141	5792,35
142	5791,03
143	5787,69
144	5765,26
145	5759,89
146	5747,78
147	5747,78
148	5742,41
149	5742,41
150	5742,41
151	5727,97
152	5726,19
153	5726,19
154	5726,19
155	5726,19
156	5726,19
157	5715,37
158	5715,37
159	5715,37
160	5715,37
161	5713,52
162	5713,52
163	5713,52
164	5701,56
165	5701,56
166	5701,56
167	5701,56
168	5701,56
169	5688,07
170	5688,07
171	5688,07
172	5688,07
173	5688,07
174	5688,07
175	5688,07
176	5688,07
177	5688,07
178	5688,07
179	5688,07
180	5688,07
181	5688,07
182	5684,08
183	5684,08
184	5684,08
185	5679,36
186	5679,36
187	5679,36
188	5679,36
189	5679,36
190	5679,36
191	5679,36
192	5679,36
193	5679,36
194	5679,36
195	5679,36
196	5675,93
197	5675,93
198	5675,93
199	5675,93
200	5675,93
201	5673,08
202	5673,08
203	5671,20
204	5671,20
205	5671,20
206	5671,20
207	5671,20
208	5671,20
209	5671,20
210	5671,20
211	5665,34
212	5643,37
213	5643,37
214	5643,27
215	5643,27
216	5643,27
217	5643,27
218	5643,27
219	5643,27
220	5643,27
221	5643,27
222	5643,27
223	5643,27
224	5643,27
225	5643,27
226	5617,51
227	5617,51
228	5617,51
229	5617,51
230	5617,51
231	5617,51
232	5617,51
233	5617,51
234	5617,51
235	5617,51
236	5617,51
237	5617,51
238	5609,22
239	5609,22
240	5609,22
241	5609,22
242	5606,28
243	5606,28
244	5606,28
245	5606,28
246	5606,28
247	5592,14
248	5592,14
249	5592,14
250	5592,14
251	5592,14
252	5592,14
253	5592,14
254	5592,14
255	5592,14
256	5592,14
257	5592,14
258	5592,14
259	5592,14
260	5592,14
261	5592,14
262	5592,14
263	5592,14
264	5592,14
265	5592,14
266	5592,14
267	5592,14
268	5592,14
269	5592,14
270	5592,14
271	5592,14
272	5592,14
273	5592,14
274	5592,14
275	5564,30
276	5546,09
277	5546,09
278	5546,09
279	5546,09
280	5546,09
281	5546,09
282	5546,09
283	5546,09
284	5546,09
285	5546,09
286	5546,09
287	5546,09
288	5546,09
289	5546,09
290	5546,09
291	5546,09
292	5546,09
293	5546,09
294	5546,09
295	5546,09
296	5546,09
297	5546,09
298	5544,30
299	5544,30
300	5544,30
301	5544,30
302	5544,30
303	5544,30
304	5544,30
305	5544,30
306	5542,43
307	5542,43
308	5542,43
309	5542,43
310	5542,43
311	5542,43
312	5542,43
313	5542,43
314	5542,43
315	5542,43
316	5542,43
317	5541,39
318	5541,39
319	5541,39
320	5541,39
321	5541,39
322	5541,39
323	5541,39
324	5538,51
325	5538,51
326	5538,51
327	5538,51
328	5521,32
329	5521,32
330	5521,32
331	5521,32
332	5521,32
333	5521,32
334	5521,32
335	5521,32
336	5521,32
337	5521,32
338	5521,32
339	5521,32
340	5521,32
341	5521,32
342	5521,32
343	5521,32
344	5521,32
345	5521,32
346	5521,32
347	5521,32
348	5521,32
349	5521,32
350	5509,40
351	5509,40
352	5509,40
353	5509,40
354	5509,40
355	5509,40
356	5509,40
357	5509,40
358	5509,40
359	5509,40
360	5509,40
361	5509,40
362	5509,40
363	5509,40
364	5509,40
365	5509,40
366	5509,40
367	5509,40
368	5509,40
369	5509,40
370	5509,40
371	5509,40
372	5509,40
373	5509,40
374	5509,40
375	5509,40
376	5509,40
377	5509,40
378	5509,40
379	5509,40
380	5509,40
381	5509,40
382	5509,40
383	5509,40
384	5509,40
385	5509,40
386	5508,75
387	5508,75
388	5508,75
389	5500,37
390	5498,31
391	5495,72
392	5495,72
393	5495,72
394	5495,72
395	5495,72
396	5495,72
397	5495,72
398	5495,72
399	5495,72
400	5495,72
401	5494,00
402	5494,00
403	5494,00
404	5494,00
405	5494,00
406	5494,00
407	5490,37
408	5490,37
409	5490,37
410	5481,60
411	5481,60
412	5481,60
413	5481,60
414	5481,60
415	5481,60
416	5481,60
417	5473,31
418	5473,31
419	5473,31
420	5473,31
421	5473,31
422	5473,31
423	5473,31
424	5473,31
425	5473,31
426	5473,31
427	5473,31
428	5473,31
429	5473,31
430	5473,31
431	5473,31
432	5473,31
433	5473,31
434	5473,31
435	5473,31
436	5473,31
437	5473,31
438	5473,31
439	5473,31
440	5471,98
441	5471,98
442	5471,98
443	5471,98
444	5471,98
445	5471,98
446	5471,98
447	5471,98
448	5471,98
449	5471,98
450	5471,98
451	5471,98
452	5471,98
453	5471,98
454	5471,98
455	5471,98
456	5471,98
457	5471,98
458	5471,98
459	5471,98
460	5471,98
461	5471,98
462	5471,98
463	5471,98
464	5471,98
465	5471,98
466	5471,98
467	5471,98
468	5471,98
469	5471,98
470	5471,98
471	5471,98
472	5471,98
473	5471,98
474	5471,98
475	5471,98
476	5471,98
477	5471,98
478	5471,98
479	5471,98
480	5471,98
481	5471,98
482	5471,98
483	5471,98
484	5471,98
485	5471,98
486	5471,98
487	5471,98
488	5471,98
489	5471,98
490	5471,98
491	5471,98
492	5471,98
493	5471,98
494	5471,98
495	5471,98
496	5471,98
497	5471,98
498	5471,98
499	5471,98
500	5471,98
501	5471,98
502	5471,98
503	5471,98
504	5471,98
505	5471,98
506	5471,98
507	5471,98
508	5471,98
509	5471,98
510	5471,98
511	5471,98
512	5471,98
513	5454,93
514	5454,93
515	5454,93
516	5454,93
517	5454,93
518	5454,93
519	5454,93
520	5454,93
521	5454,93
522	5454,93
523	5452,07
524	5448,82
525	5448,82
526	5448,82
527	5448,82
528	5448,82
529	5448,82
530	5448,82
531	5448,82
532	5448,82
533	5448,82
534	5448,82
535	5448,82
536	5448,82
537	5447,79
538	5447,79
539	5447,79
540	5447,79
541	5447,79
542	5447,79
543	5447,79
544	5447,79
545	5447,79
546	5447,79
547	5447,79
548	5447,79
549	5447,79
550	5447,79
551	5447,79
552	5447,79
553	5447,79
554	5447,79
555	5447,79
556	5447,79
557	5447,79
558	5447,79
559	5447,79
560	5447,79
561	5447,79
562	5447,79
563	5447,79
564	5447,79
565	5447,79
566	5447,79
567	5447,79
568	5447,79
569	5447,79
570	5447,79
571	5447,79
572	5447,79
573	5447,79
574	5447,79
575	5447,79
576	5447,79
577	5447,79
578	5434,46
579	5434,46
580	5434,46
581	5434,46
582	5434,46
583	5434,46
584	5434,46
585	5434,46
586	5434,46
587	5434,46
588	5434,46
589	5434,46
590	5434,46
591	5434,46
592	5434,46
593	5434,46
594	5434,46
595	5434,46
596	5434,46
597	5434,46
598	5434,46
599	5434,46
600	5434,46
601	5434,46
602	5434,46
603	5434,46
604	5434,46
605	5434,46
606	5421,60
607	5421,60
608	5421,60
609	5421,60
610	5414,69
611	5414,69
612	5414,69
613	5414,69
614	5414,69
615	5414,69
616	5414,69
617	5414,69
618	5414,69
619	5414,69
620	5414,69
621	5414,69
622	5414,69
623	5414,69
624	5414,69
625	5414,69
626	5414,69
627	5414,69
628	5414,69
629	5414,69
630	5414,69
631	5414,69
632	5414,69
633	5414,69
634	5414,69
635	5414,69
636	5414,69
637	5414,69
638	5414,69
639	5414,69
640	5414,69
641	5414,69
642	5414,69
643	5414,69
644	5414,69
645	5414,69
646	5414,69
647	5414,69
648	5414,69
649	5414,69
650	5414,69
651	5414,69
652	5414,69
653	5414,69
654	5414,69
655	5414,69
656	5414,69
657	5414,69
658	5414,69
659	5414,69
660	5414,69
661	5414,69
662	5414,69
663	5414,69
664	5414,69
665	5414,69
666	5414,69
667	5414,69
668	5414,69
669	5414,69
670	5414,69
671	5414,69
672	5414,69
673	5414,69
674	5414,69
675	5414,69
676	5414,69
677	5414,69
678	5414,69
679	5414,69
680	5414,69
681	5414,69
682	5414,69
683	5414,69
684	5414,69
685	5414,69
686	5414,69
687	5414,69
688	5414,69
689	5414,69
690	5414,69
691	5414,69
692	5414,69
693	5414,69
694	5414,69
695	5414,69
696	5414,69
697	5414,69
698	5414,69
699	5414,69
700	5414,69
701	5414,69
702	5414,69
703	5414,69
704	5414,69
705	5414,69
706	5414,69
707	5414,69
708	5414,69
709	5414,69
710	5414,69
711	5414,69
712	5414,69
713	5414,69
714	5414,69
715	5414,69
716	5414,69
717	5414,69
718	5414,69
719	5414,69
720	5414,69
721	5414,69
722	5414,69
723	5414,69
724	5414,69
725	5414,69
726	5414,69
727	5414,69
728	5414,69
729	5414,69
730	5414,69
731	5414,69
732	5414,69
733	5414,69
734	5412,16
735	5412,16
736	5412,16
737	5412,16
738	5412,16
739	5412,16
740	5412,16
741	5412,16
742	5412,16
743	5412,16
744	5411,03
745	5411,03
746	5405,81
747	5405,81
748	5405,81
749	5405,81
750	5405,81
751	5405,81
752	5405,81
753	5405,81
754	5386,21
755	5386,21
756	5386,21
757	5386,21
758	5386,21
759	5386,21
760	5386,21
761	5386,21
762	5386,21
763	5386,21
764	5386,21
765	5383,69
766	5383,69
767	5383,69
768	5383,69
769	5383,69
770	5383,69
771	5383,69
772	5383,69
773	5383,69
774	5383,69
775	5383,69
776	5383,69
777	5383,69
778	5383,69
779	5383,69
780	5383,69
781	5383,69
782	5383,69
783	5383,69
784	5383,69
785	5383,69
786	5383,69
787	5383,69
788	5383,69
789	5383,69
790	5383,69
791	5383,69
792	5383,69
793	5383,69
794	5383,69
795	5383,69
796	5383,69
797	5383,69
798	5383,69
799	5383,69
800	5383,69
801	5383,69
802	5383,69
803	5383,69
804	5383,69
805	5383,69
806	5383,69
807	5383,69
808	5383,69
809	5383,69
810	5383,69
811	5383,69
812	5383,69
813	5383,69
814	5383,69
815	5383,69
816	5383,69
817	5383,69
818	5383,69
819	5383,69
820	5383,69
821	5383,69
822	5383,69
823	5383,69
824	5383,69
825	5383,69
826	5383,69
827	5383,69
828	5383,69
829	5383,69
830	5383,69
831	5383,69
832	5383,69
833	5383,69
834	5383,69
835	5383,69
836	5383,69
837	5383,69
838	5383,69
839	5383,69
840	5383,69
841	5383,69
842	5383,69
843	5383,69
844	5383,69
845	5383,69
846	5383,69
847	5383,69
848	5383,69
849	5383,69
850	5383,69
851	5383,69
852	5383,69
853	5383,69
854	5383,69
855	5383,69
856	5383,69
857	5383,69
858	5383,69
859	5383,69
860	5383,69
861	5383,69
862	5383,69
863	5383,69
864	5383,69
865	5383,69
866	5383,69
867	5383,69
868	5383,69
869	5383,69
870	5383,69
871	5383,69
872	5383,69
873	5383,69
874	5383,69
875	5383,69
876	5383,69
877	5383,69
878	5383,69
879	5383,69
880	5383,69
881	5383,69
882	5383,69
883	5383,69
884	5383,69
885	5383,69
886	5383,69
887	5383,69
888	5383,69
889	5383,69
890	5383,69
891	5383,69
892	5383,69
893	5383,69
894	5383,69
895	5383,69
896	5383,69
897	5383,69
898	5383,69
899	5383,69
900	5383,69
901	5383,69
902	5383,69
903	5383,69
904	5383,69
905	5383,69
906	5383,69
907	5383,69
908	5383,69
909	5383,69
910	5383,69
911	5383,69
912	5383,69
913	5383,69
914	5383,69
915	5383,69
916	5383,69
917	5383,69
918	5383,69
919	5383,69
920	5383,69
921	5383,69
922	5383,69
923	5383,69
924	5383,69
925	5383,69
926	5383,69
927	5383,69
928	5383,69
929	5383,69
930	5383,69
931	5383,69
932	5383,69
933	5383,69
934	5383,69
935	5383,69
936	5382,81
937	5382,81
938	5382,81
939	5382,81
940	5382,81
941	5378,96
942	5378,96
943	5378,96
944	5378,96
945	5378,96
946	5378,96
947	5378,96
948	5378,96
949	5378,96
950	5378,96
951	5378,96
952	5378,96
953	5378,96
954	5378,96
955	5378,96
956	5378,96
957	5378,96
958	5378,96
959	5378,96
960	5378,96
961	5378,96
962	5378,96
963	5378,96
964	5378,96
965	5378,96
966	5378,96
967	5378,96
968	5378,96
969	5378,96
970	5378,96
971	5378,96
972	5378,96
973	5378,96
974	5378,96
975	5378,96
976	5378,96
977	5378,96
978	5378,96
979	5378,96
980	5378,96
981	5378,96
982	5378,96
983	5378,96
984	5378,96
985	5378,96
986	5378,96
987	5378,96
988	5378,96
989	5378,96
990	5378,96
991	5378,96
992	5378,96
993	5378,96
994	5378,96
995	5378,96
996	5378,96
997	5378,96
998	5378,96
999	5378,96
1000	5378,96
