0	12251,22
1	12275,35
2	11689,20
3	11958,31
4	11564,35
5	11450,68
6	11303,12
7	11274,44
8	11118,19
9	10816,97
10	10323,52
11	10286,73
12	10188,63
13	10036,48
14	9867,64
15	9686,27
16	9474,01
17	9247,13
18	9247,13
19	9334,97
20	9228,45
21	9136,02
22	8952,17
23	8952,17
24	8714,86
25	8714,86
26	8557,90
27	8678,63
28	8671,03
29	8507,82
30	8507,82
31	8268,12
32	8268,12
33	8098,42
34	8000,77
35	8000,77
36	8000,77
37	8000,77
38	7857,12
39	7787,65
40	7668,90
41	7769,43
42	7662,70
43	7716,02
44	7540,76
45	7542,27
46	7384,27
47	7453,94
48	7314,97
49	7317,70
50	7317,70
51	7313,41
52	7313,41
53	7293,65
54	7159,21
55	6992,60
56	6992,60
57	6992,60
58	6956,65
59	6912,83
60	6921,95
61	6741,14
62	6862,25
63	6848,26
64	6713,19
65	6785,68
66	6707,06
67	6571,02
68	6707,06
69	6691,17
70	6664,63
71	6515,06
72	6515,06
73	6406,39
74	6406,39
75	6492,54
76	6492,54
77	6425,06
78	6425,06
79	6424,73
80	6383,64
81	6325,06
82	6328,74
83	6287,61
84	6269,59
85	6197,81
86	6197,81
87	6079,31
88	6109,98
89	6027,89
90	6045,84
91	6042,83
92	5932,45
93	6005,16
94	6023,00
95	5990,96
96	5937,89
97	5904,07
98	5904,07
99	5904,07
100	5885,13
101	5863,42
102	5823,15
103	5823,15
104	5803,02
105	5796,36
106	5796,36
107	5788,54
108	5796,36
109	5743,11
110	5673,58
111	5673,58
112	5662,07
113	5597,20
114	5597,20
115	5567,02
116	5567,02
117	5531,54
118	5516,91
119	5490,32
120	5490,32
121	5453,84
122	5422,52
123	5490,86
124	5490,86
125	5485,48
126	5455,30
127	5396,04
128	5455,30
129	5492,79
130	5412,81
131	5467,29
132	5467,29
133	5431,72
134	5404,83
135	5440,04
136	5426,42
137	5426,42
138	5404,12
139	5360,97
140	5360,97
141	5301,46
142	5301,46
143	5265,81
144	5301,46
145	5301,46
146	5331,79
147	5276,29
148	5274,46
149	5197,30
150	5197,30
151	5267,16
152	5250,88
153	5248,27
154	5248,27
155	5248,27
156	5221,20
157	5221,20
158	5248,27
159	5248,27
160	5237,99
161	5218,09
162	5178,43
163	5148,25
164	5148,25
165	5123,80
166	5123,80
167	5086,18
168	5086,18
169	5086,18
170	5086,18
171	5062,33
172	5109,66
173	5121,27
174	5121,27
175	5056,78
176	5056,78
177	5040,36
178	5027,96
179	5040,36
180	5040,36
181	5056,78
182	5091,52
183	5079,12
184	5148,61
185	5052,34
186	5158,11
187	5088,08
188	5095,60
189	5146,96
190	5146,96
191	5147,64
192	5166,58
193	5072,27
194	4993,28
195	5060,65
196	5060,65
197	5060,65
198	5060,65
199	5060,65
200	5060,65
201	5143,72
202	5143,72
203	5089,00
204	5089,00
205	4995,60
206	5050,32
207	5050,32
208	5050,32
209	5050,32
210	5050,32
211	4927,47
212	5041,63
213	5041,63
214	5001,63
215	5001,63
216	5001,63
217	4959,08
218	4896,46
219	5001,63
220	5001,63
221	5001,63
222	5001,63
223	4943,82
224	4943,82
225	4977,02
226	4920,91
227	4920,91
228	4920,91
229	4951,68
230	5006,09
231	4966,15
232	4966,15
233	4951,01
234	4913,82
235	4902,89
236	4902,89
237	4902,89
238	4902,89
239	4902,89
240	4852,31
241	4902,89
242	4896,85
243	4902,89
244	4937,50
245	4927,10
246	4937,50
247	4912,96
248	4912,96
249	4874,87
250	4774,00
251	4774,00
252	4774,00
253	4774,00
254	4774,00
255	4774,00
256	4767,50
257	4767,50
258	4758,86
259	4758,86
260	4736,34
261	4680,33
262	4680,33
263	4680,33
264	4680,33
265	4680,33
266	4696,23
267	4696,23
268	4696,23
269	4678,79
270	4678,79
271	4713,67
272	4678,79
273	4706,92
274	4678,79
275	4678,79
276	4678,79
277	4678,79
278	4686,92
279	4658,44
280	4658,44
281	4658,44
282	4658,44
283	4622,75
284	4754,84
285	4741,57
286	4741,57
287	4731,50
288	4686,74
289	4686,74
290	4686,74
291	4686,74
292	4686,74
293	4624,12
294	4642,80
295	4656,94
296	4624,12
297	4642,80
298	4642,80
299	4642,80
300	4649,34
301	4656,94
302	4651,56
303	4645,58
304	4643,97
305	4643,97
306	4637,42
307	4637,42
308	4637,42
309	4637,42
310	4637,42
311	4637,42
312	4637,42
313	4637,42
314	4637,42
315	4633,35
316	4623,15
317	4623,15
318	4623,15
319	4623,15
320	4623,15
321	4623,15
322	4623,15
323	4603,31
324	4620,92
325	4609,00
326	4604,93
327	4604,93
328	4603,31
329	4603,31
330	4494,41
331	4494,41
332	4494,41
333	4494,41
334	4494,41
335	4494,41
336	4476,19
337	4494,41
338	4476,19
339	4476,19
340	4476,19
341	4476,19
342	4476,19
343	4448,73
344	4475,89
345	4475,89
346	4475,89
347	4475,89
348	4475,89
349	4467,61
350	4467,61
351	4467,61
352	4467,61
353	4467,61
354	4467,61
355	4447,61
356	4432,30
357	4467,61
358	4467,61
359	4467,61
360	4343,38
