0	18631,05
1	18340,94
2	18201,95
3	18193,63
4	17966,42
5	17938,61
6	17367,20
7	17367,20
8	17367,20
9	17367,20
10	17367,20
11	17346,92
12	17346,92
13	17314,67
14	17314,67
15	16937,63
16	16926,55
17	16900,37
18	16900,37
19	16833,42
20	16833,42
21	16636,18
22	16329,19
23	16329,19
24	16329,19
25	16329,19
26	16324,09
27	16016,11
28	16016,11
29	15928,30
30	15928,30
31	15891,22
32	15643,44
33	15643,44
34	15578,32
35	15578,32
36	15292,83
37	15104,70
38	15104,70
39	14734,57
40	14734,57
41	14734,57
42	14708,31
43	14708,31
44	14708,31
45	14675,06
46	14675,06
47	14669,20
48	14319,01
49	14254,07
50	14254,07
51	14254,07
52	14254,07
53	14082,02
54	14079,45
55	14079,45
56	14079,45
57	13948,44
58	13948,44
59	13940,14
60	13912,29
61	13912,29
62	13874,39
63	13609,66
64	13609,66
65	13421,34
66	13421,34
67	13421,34
68	13223,73
69	13003,27
70	13003,27
71	13003,27
72	13001,65
73	12948,79
74	12948,79
75	12765,74
76	12765,74
77	12765,74
78	12669,32
79	12669,32
80	12553,43
81	12553,43
82	12536,14
83	12493,12
84	12493,12
85	12493,12
86	12465,88
87	12406,23
88	12205,71
89	12205,71
90	12205,71
91	12205,71
92	12188,18
93	12188,18
94	12188,18
95	12119,29
96	12117,51
97	12117,51
98	12117,51
99	12117,51
100	11997,53
101	11997,53
102	11997,53
103	11997,53
104	11997,53
105	11966,90
106	11966,90
107	11947,60
108	11838,37
109	11838,37
110	11838,37
111	11838,37
112	11818,57
113	11785,96
114	11785,96
115	11579,03
116	11579,03
117	11579,03
118	11579,03
119	11579,03
120	11527,01
121	11527,01
122	11522,62
123	11522,62
124	11517,20
125	11444,88
126	11444,88
127	11444,88
128	11444,88
129	11305,66
130	11305,66
131	11305,66
132	11305,66
133	11305,66
134	11305,66
135	11305,66
136	11249,09
137	11215,52
138	11215,52
139	11215,52
140	11173,61
141	11120,71
142	11120,71
143	11120,71
144	11120,71
145	11120,71
146	11044,59
147	11044,59
148	11044,59
149	11044,59
150	11044,59
151	11044,59
152	11044,59
153	11041,68
154	11015,29
155	11015,29
156	11015,29
157	11015,29
158	11015,29
159	11015,29
160	11015,27
161	11015,27
162	10958,88
163	10958,88
164	10854,32
165	10854,32
166	10854,32
167	10854,32
168	10766,91
169	10766,91
170	10766,91
171	10766,91
172	10766,91
173	10754,10
174	10704,20
175	10704,20
176	10704,20
177	10658,64
178	10604,93
179	10604,93
180	10604,93
181	10604,93
182	10604,93
183	10604,93
184	10604,93
185	10604,93
186	10604,93
187	10604,93
188	10533,39
189	10533,39
190	10503,31
191	10503,31
192	10503,31
193	10494,56
194	10494,56
195	10494,56
196	10494,56
197	10494,56
198	10494,56
199	10494,56
200	10464,84
201	10464,84
202	10463,80
203	10463,80
204	10459,64
205	10456,45
206	10456,45
207	10456,45
208	10456,45
209	10444,20
210	10423,27
211	10423,27
212	10423,27
213	10403,35
214	10403,35
215	10403,35
216	10403,35
217	10402,47
218	10402,47
219	10398,50
220	10398,50
221	10398,50
222	10398,50
223	10397,62
224	10389,83
225	10327,38
226	10327,38
227	10326,50
228	10326,50
229	10326,50
230	10324,16
231	10324,16
232	10324,16
233	10288,20
234	10288,20
235	10288,20
236	10288,20
237	10288,20
238	10288,20
239	10288,20
240	10288,20
241	10288,20
242	10288,20
243	10288,20
244	10288,20
245	10282,35
246	10282,35
247	10282,35
248	10282,35
249	10277,74
250	10277,74
251	10277,74
252	10277,74
253	10277,74
254	10277,74
255	10277,74
256	10277,74
257	10270,56
258	10101,79
259	10074,24
260	10074,24
261	10074,24
262	10074,24
263	10074,24
264	10074,24
265	10074,24
266	10027,25
267	10027,25
268	10027,25
269	10027,25
270	10027,25
271	10027,25
272	10027,25
273	10027,25
274	10027,25
275	10027,25
276	10027,25
277	10027,25
278	10027,25
279	10027,25
280	10027,25
281	10027,25
282	10027,25
283	10008,79
284	10008,79
285	9980,50
286	9980,50
287	9980,50
288	9980,50
289	9979,83
290	9979,83
291	9979,83
292	9962,03
293	9962,03
294	9962,03
295	9962,03
296	9962,03
297	9962,03
298	9962,03
299	9962,03
300	9962,03
301	9942,86
302	9942,86
303	9942,86
304	9942,86
305	9939,91
306	9939,91
307	9922,86
308	9922,86
309	9922,86
310	9922,86
311	9922,86
312	9922,86
313	9922,86
314	9920,29
315	9902,74
316	9902,74
317	9902,74
318	9902,74
319	9843,29
320	9843,29
321	9843,29
322	9733,41
323	9733,41
324	9733,41
325	9733,41
326	9733,41
327	9733,41
328	9733,41
329	9733,41
330	9733,41
331	9733,41
332	9733,41
333	9733,41
334	9733,41
335	9733,41
336	9733,41
337	9733,41
338	9733,41
339	9733,41
340	9707,69
341	9707,69
342	9707,69
343	9707,69
344	9707,69
345	9688,36
346	9688,36
347	9688,36
348	9688,36
349	9688,36
350	9688,36
351	9688,36
352	9688,36
353	9688,36
354	9674,81
355	9674,81
356	9674,81
357	9614,85
358	9614,85
359	9614,85
360	9614,85
361	9614,85
362	9614,85
363	9614,85
364	9614,85
365	9614,85
366	9575,32
367	9575,32
368	9575,32
369	9575,32
370	9575,32
371	9575,32
372	9575,32
373	9573,46
374	9529,28
375	9529,28
376	9529,28
377	9529,28
378	9529,28
379	9525,43
380	9525,43
381	9487,92
382	9487,92
383	9449,52
384	9449,52
385	9449,52
386	9449,52
387	9449,52
388	9444,79
389	9444,79
390	9444,79
391	9444,79
392	9444,79
393	9413,98
394	9413,98
395	9413,98
396	9413,98
397	9413,98
398	9413,98
399	9413,98
400	9413,98
401	9413,93
402	9413,93
403	9413,93
404	9382,74
405	9382,74
406	9351,93
407	9351,93
408	9351,93
409	9351,93
410	9351,93
411	9351,93
412	9351,93
413	9351,93
414	9351,93
415	9351,93
416	9351,93
417	9351,93
418	9351,93
419	9351,93
420	9351,93
421	9351,93
422	9331,93
423	9331,93
424	9331,93
425	9331,93
426	9331,93
427	9331,93
428	9331,93
429	9331,93
430	9306,21
431	9306,21
432	9306,21
433	9306,21
434	9306,21
435	9306,21
436	9306,21
437	9306,21
438	9306,21
439	9306,21
440	9306,21
441	9306,21
442	9306,21
443	9306,21
444	9306,21
445	9306,21
446	9297,44
447	9297,44
448	9291,65
449	9291,65
450	9272,21
451	9272,21
452	9272,21
453	9272,21
454	9272,21
455	9272,21
456	9272,21
457	9272,21
458	9272,21
459	9272,21
460	9272,21
461	9272,21
462	9272,21
463	9242,55
464	9242,55
465	9225,07
466	9225,07
467	9225,07
468	9225,07
469	9225,07
470	9225,07
471	9225,07
472	9225,07
473	9225,07
474	9222,85
475	9222,85
476	9222,85
477	9222,85
478	9222,85
479	9188,39
480	9188,39
481	9188,39
482	9188,39
483	9188,39
484	9188,39
485	9188,39
486	9188,39
487	9188,39
488	9188,39
489	9188,39
490	9182,53
491	9182,53
492	9182,53
493	9182,53
494	9182,53
495	9182,53
496	9114,34
497	9114,34
498	9114,34
499	9114,34
500	9114,34
501	9114,34
502	9114,34
503	9114,34
504	9114,34
505	9114,34
506	9082,38
507	9082,38
508	9082,38
509	9082,38
510	9082,38
511	9082,38
512	9082,38
513	9082,38
514	9082,38
515	9058,53
516	9058,53
517	9058,53
518	9058,53
519	9058,53
520	9058,53
521	9058,53
522	9058,53
523	9058,53
524	9058,53
525	9052,67
526	9052,67
527	9047,95
528	9047,95
529	9047,95
530	9038,53
531	9038,53
532	9038,53
533	9038,53
534	9038,53
535	9038,53
536	9033,80
537	9033,80
538	9024,17
539	9017,88
540	9017,88
541	9014,03
542	9014,03
543	9014,03
544	9014,03
545	9014,03
546	9014,03
547	9012,25
548	9012,25
549	9012,25
550	9005,27
551	9005,27
552	9005,27
553	9005,27
554	9005,27
555	9005,27
556	9005,27
557	9005,27
558	9005,27
559	9005,27
560	8975,90
561	8975,90
562	8975,90
563	8975,90
564	8975,90
565	8975,90
566	8975,90
567	8975,90
568	8975,90
569	8970,93
570	8970,93
571	8970,93
572	8970,93
573	8970,93
574	8970,93
575	8970,93
576	8931,10
577	8931,10
578	8931,10
579	8931,10
580	8931,10
581	8918,74
582	8918,74
583	8918,74
584	8918,74
585	8918,74
586	8918,74
587	8918,74
588	8918,74
589	8918,74
590	8918,74
591	8918,74
592	8918,74
593	8918,74
594	8918,74
595	8918,74
596	8918,74
597	8918,74
598	8918,74
599	8918,74
600	8918,74
601	8918,74
602	8908,59
603	8908,59
604	8908,59
605	8908,59
606	8908,59
607	8908,59
608	8908,59
609	8908,59
610	8908,59
611	8906,80
612	8906,80
613	8906,80
614	8903,65
615	8903,65
616	8903,65
617	8903,65
618	8903,65
619	8903,65
620	8903,65
621	8903,65
622	8903,65
623	8903,65
624	8903,65
625	8903,65
626	8903,65
627	8903,65
628	8903,65
629	8889,51
630	8889,51
631	8889,51
632	8889,51
633	8889,51
634	8889,51
635	8889,51
636	8889,51
637	8889,51
638	8889,51
639	8889,51
640	8889,51
641	8882,70
642	8882,70
643	8882,70
644	8861,64
645	8861,64
646	8861,64
647	8861,64
648	8861,64
649	8861,64
650	8861,64
651	8861,64
652	8861,64
653	8861,64
654	8861,64
655	8861,64
656	8861,64
657	8861,64
658	8861,64
659	8861,64
660	8861,64
661	8861,64
662	8861,64
663	8861,64
664	8861,64
665	8861,64
666	8852,59
667	8852,59
668	8852,59
