0	18390,00
1	18268,47
2	18206,72
3	17996,81
4	17891,26
5	17891,26
6	17613,90
7	17613,90
8	17570,38
9	17206,76
10	17206,76
11	17384,64
12	17252,23
13	17061,24
14	16373,28
15	16373,28
16	16105,90
17	16022,52
18	16022,52
19	15956,11
20	15647,55
21	15714,59
22	15294,65
23	15218,86
24	14919,12
25	15214,70
26	14928,80
27	14928,80
28	14761,89
29	14761,51
30	14512,27
31	14205,81
32	14166,35
33	14087,89
34	14030,46
35	14067,87
36	13734,91
37	13562,07
38	13562,07
39	13674,54
40	13671,93
41	13519,04
42	13368,71
43	13519,04
44	13322,93
45	13224,61
46	13310,27
47	13288,59
48	13204,30
49	13028,50
50	13028,50
51	13005,86
52	13005,86
53	13005,86
54	12806,66
55	12806,66
56	12804,11
57	12748,80
58	12638,35
59	12475,94
60	12369,64
61	12427,85
62	12376,31
63	12421,69
64	12408,29
65	12178,08
66	12178,08
67	12178,08
68	11986,82
69	11986,82
70	11859,43
71	11900,35
72	11836,07
73	11809,31
74	11777,19
75	11736,35
76	11647,81
77	11610,11
78	11427,08
79	11367,12
80	11442,66
81	11376,26
82	11332,55
83	11332,79
84	11259,12
85	11098,37
86	11134,11
87	11134,11
88	11092,69
89	10845,09
90	10845,09
91	10826,95
92	10826,95
93	10754,70
94	10754,70
95	10754,70
96	10660,53
97	10678,48
98	10717,70
99	10643,21
100	10706,51
101	10564,26
102	10586,99
103	10581,67
104	10514,36
105	10474,25
106	10514,36
107	10656,70
108	10617,63
109	10656,70
110	10522,28
111	10522,28
112	10451,12
113	10451,12
114	10381,74
115	10295,13
116	10275,28
117	10335,94
118	10197,91
119	10284,33
120	10240,10
121	10117,91
122	10154,34
123	10154,34
124	10061,81
125	10061,81
126	10038,59
127	10022,43
128	9980,03
129	9977,95
130	9940,94
131	9954,77
132	9794,70
133	9866,59
134	9866,59
135	9866,59
136	9793,25
137	9834,50
138	9704,48
139	9782,77
140	9780,54
141	9782,77
142	9732,51
143	9624,34
144	9665,06
145	9732,51
146	9732,51
147	9651,02
148	9700,12
149	9648,28
150	9648,28
151	9648,28
152	9585,92
153	9566,78
154	9557,37
155	9564,56
156	9564,56
157	9477,67
158	9477,67
159	9477,67
160	9451,50
161	9461,96
162	9450,97
163	9407,23
164	9307,88
165	9407,23
166	9388,82
167	9334,98
168	9403,17
169	9360,92
170	9360,92
171	9319,68
172	9291,89
173	9217,99
174	9319,68
175	9162,14
176	9162,14
177	9162,14
178	9162,14
179	9139,39
180	9139,39
181	9139,39
182	9139,39
183	9139,39
184	9165,41
185	9165,41
186	9057,23
187	9165,41
188	9105,56
189	9038,68
190	8966,63
191	9038,68
192	8933,11
193	8917,64
194	8917,64
195	8806,97
196	8857,08
197	8857,08
198	8857,08
199	8857,08
200	8776,98
201	8776,98
202	8737,91
203	8718,37
204	8675,28
205	8718,37
206	8674,42
207	8703,99
208	8712,32
209	8694,10
210	8694,10
211	8694,10
212	8624,37
213	8580,42
214	8582,94
215	8603,01
216	8616,68
217	8518,69
218	8506,55
219	8506,55
220	8500,48
221	8384,43
222	8478,27
223	8464,65
224	8450,63
225	8422,34
226	8406,61
227	8422,34
228	8399,93
229	8384,18
230	8380,92
231	8340,65
232	8340,65
233	8340,65
234	8340,65
235	8340,65
236	8340,65
237	8340,65
238	8389,82
239	8300,27
240	8300,27
241	8300,27
242	8280,50
243	8280,50
244	8280,50
245	8280,50
246	8280,50
247	8330,32
248	8300,21
249	8300,21
250	8280,01
251	8280,01
252	8231,99
253	8231,99
254	8231,99
255	8277,47
256	8277,47
257	8273,51
258	8273,51
259	8169,30
260	8169,30
261	8169,30
262	8169,30
263	8169,30
264	8185,78
265	8186,06
266	8186,06
267	8180,96
268	8180,96
269	8180,96
270	8177,30
271	8177,58
272	8048,41
273	8048,41
274	8048,41
275	8109,86
276	8072,35
277	8109,86
278	8051,22
279	8040,96
280	8040,96
281	8060,16
282	8109,56
283	8084,40
284	8084,40
285	8084,40
286	8035,11
287	8035,11
288	8030,35
289	8030,35
290	7980,65
291	7980,65
292	7980,65
293	7980,65
294	7980,65
295	7846,38
296	7980,65
297	7980,65
298	8092,69
299	8042,98
300	8102,64
301	8102,64
302	8152,34
303	8127,52
304	8152,34
305	8021,22
306	8021,22
307	8146,10
308	8037,14
309	8037,14
310	8037,14
311	8031,58
312	8037,14
313	8037,14
314	7958,92
315	7958,92
316	7958,92
317	7958,92
318	7948,12
319	7948,12
320	7925,40
321	7948,12
322	7935,15
323	7935,15
324	7935,15
325	7935,15
326	7879,22
327	7739,39
328	7739,39
329	7739,39
330	7739,39
331	7739,39
332	7739,39
333	7739,39
334	7739,39
335	7719,39
336	7728,40
337	7681,58
338	7689,69
339	7689,69
340	7689,69
341	7674,06
342	7674,06
343	7674,06
344	7674,06
345	7674,06
346	7644,95
347	7624,95
348	7624,95
349	7624,95
350	7624,95
351	7624,95
352	7624,95
353	7624,95
354	7624,95
355	7624,95
356	7681,90
357	7681,90
358	7677,31
359	7677,31
360	7624,81
361	7669,45
362	7669,45
363	7601,90
364	7626,72
365	7626,72
366	7559,73
367	7559,73
368	7559,73
369	7559,73
370	7559,73
371	7526,72
372	7516,88
373	7504,35
374	7504,35
375	7504,35
376	7440,88
377	7440,88
378	7440,88
379	7410,92
380	7440,88
381	7384,83
382	7384,83
383	7384,83
384	7384,83
385	7373,67
386	7373,67
387	7373,67
388	7340,88
389	7340,88
390	7284,83
391	7284,83
392	7284,83
393	7279,45
394	7279,45
395	7279,45
396	7279,45
397	7279,45
398	7275,99
399	7279,45
400	7275,99
401	7279,45
402	7279,45
403	7275,99
404	7275,99
405	7230,52
406	7230,52
407	7276,82
408	7262,61
409	7262,61
410	7262,61
411	7262,61
412	7262,61
413	7247,72
414	7247,72
415	7247,72
416	7247,72
417	7219,21
418	7219,21
419	7075,31
420	7075,31
421	7075,31
422	7075,31
423	7075,31
424	7075,31
425	7038,37
426	7038,37
427	7038,37
428	7038,37
429	7038,37
430	6947,18
431	6947,18
432	6947,18
433	6947,18
434	7027,22
435	7027,22
436	6907,75
437	6907,75
438	7001,56
439	7001,56
440	7001,56
441	7001,56
442	6882,09
443	6882,09
444	6882,09
445	6882,09
446	6882,09
447	6882,09
448	6882,09
449	6882,09
450	6882,09
451	6852,61
452	6878,63
453	6878,63
454	6878,63
455	6878,63
456	6878,63
457	6878,63
458	6878,63
459	6878,63
460	6878,63
461	6823,34
462	6823,34
463	6807,87
464	6823,34
465	6823,34
466	6823,34
467	6823,34
468	6823,34
469	6823,34
470	6823,34
471	6823,34
472	6823,34
473	6823,34
474	6823,34
475	6817,96
476	6817,96
477	6817,96
478	6817,96
479	6806,58
480	6806,58
481	6793,00
482	6793,00
483	6793,00
484	6806,58
485	6806,43
486	6806,58
487	6806,58
488	6806,58
489	6806,58
490	6806,58
491	6793,03
492	6774,42
493	6787,63
494	6793,03
495	6793,03
496	6793,03
497	6793,03
498	6793,03
499	6793,03
500	6793,03
501	6793,03
502	6793,03
503	6774,42
504	6774,42
505	6774,42
506	6774,42
507	6774,42
508	6774,42
509	6774,42
510	6774,42
511	6774,42
512	6769,92
513	6769,92
514	6769,92
515	6769,92
516	6769,92
517	6769,92
518	6769,92
519	6769,92
520	6769,92
521	6769,92
522	6769,92
523	6769,92
524	6769,92
525	6769,92
526	6769,92
527	6769,92
528	6769,92
529	6769,92
530	6765,25
531	6765,25
532	6765,25
533	6765,25
534	6765,25
535	6765,25
536	6757,83
537	6757,83
538	6757,83
539	6757,83
540	6757,83
541	6757,83
542	6757,83
543	6757,83
544	6757,83
545	6751,97
546	6751,97
547	6751,97
548	6751,97
549	6751,97
550	6751,97
551	6751,97
552	6740,98
553	6723,69
554	6723,69
555	6723,69
556	6723,69
557	6723,69
558	6736,90
559	6740,98
560	6740,98
561	6740,98
562	6740,98
563	6740,98
564	6740,98
565	6740,98
566	6740,98
567	6740,98
568	6740,98
569	6740,95
570	6731,97
571	6731,97
572	6723,69
573	6723,69
574	6723,69
575	6723,69
576	6723,69
577	6723,69
578	6723,69
579	6723,69
580	6723,69
581	6723,69
582	6723,69
583	6723,69
584	6723,69
585	6723,69
586	6723,69
587	6723,69
588	6723,69
589	6723,69
590	6723,69
591	6723,69
592	6723,69
593	6723,69
594	6723,66
595	6723,66
596	6723,66
597	6723,66
598	6723,66
599	6723,66
600	6723,66
601	6723,66
602	6699,55
603	6699,55
604	6699,55
605	6699,55
606	6699,55
607	6699,55
608	6699,55
609	6699,55
610	6699,55
611	6699,55
612	6699,55
613	6699,55
614	6699,55
615	6699,55
616	6699,55
617	6699,55
618	6699,55
619	6699,55
620	6683,28
621	6699,55
622	6699,55
623	6699,55
624	6680,24
625	6699,55
626	6699,55
627	6699,55
628	6699,55
629	6699,55
630	6699,55
631	6699,55
632	6699,55
633	6699,55
634	6699,55
635	6699,55
636	6699,55
637	6699,55
638	6699,55
639	6699,55
640	6699,55
641	6699,55
642	6699,55
643	6699,55
644	6699,55
645	6699,55
646	6699,55
647	6699,55
648	6699,55
649	6699,55
650	6699,55
651	6699,55
652	6699,55
653	6699,55
654	6699,55
655	6699,55
656	6699,55
657	6699,55
658	6699,55
659	6693,92
660	6693,92
661	6693,92
662	6693,92
663	6693,92
664	6693,92
665	6693,92
666	6693,92
667	6685,64
668	6685,64
669	6685,64
670	6685,64
671	6685,64
672	6685,64
673	6685,64
674	6685,64
675	6685,64
676	6685,64
677	6683,14
678	6683,14
679	6683,14
680	6683,14
681	6683,14
682	6683,14
683	6683,14
684	6683,14
685	6683,14
686	6683,14
687	6683,14
688	6683,14
689	6683,14
690	6652,11
691	6683,14
692	6683,14
693	6683,14
694	6683,14
695	6683,14
696	6683,14
697	6683,14
698	6683,14
699	6683,14
700	6683,14
701	6679,13
702	6683,14
703	6683,14
704	6683,14
705	6683,14
706	6683,14
707	6683,14
708	6681,46
709	6681,46
710	6681,46
711	6681,46
712	6681,46
713	6681,46
714	6681,46
715	6681,46
716	6681,46
717	6681,46
718	6681,46
719	6681,46
720	6681,46
721	6678,96
722	6678,96
723	6678,96
724	6678,96
725	6678,96
726	6678,96
727	6678,96
728	6678,96
729	6678,96
730	6678,96
731	6678,96
732	6678,96
733	6678,96
734	6678,96
735	6678,96
736	6678,96
737	6678,96
738	6678,96
739	6678,96
740	6678,96
741	6678,96
742	6678,96
743	6678,96
744	6678,96
745	6678,96
746	6678,96
747	6678,96
748	6678,96
749	6678,96
750	6678,96
751	6678,96
752	6678,96
753	6678,96
754	6667,34
755	6678,96
756	6678,96
757	6678,96
758	6678,96
759	6678,96
760	6678,96
761	6678,96
762	6678,96
763	6678,96
764	6678,96
765	6678,96
766	6678,96
767	6678,96
768	6678,96
769	6678,96
770	6678,96
771	6678,96
772	6678,96
773	6678,96
774	6678,96
775	6678,96
776	6678,96
777	6678,96
778	6678,96
779	6678,96
780	6678,96
781	6678,96
782	6678,96
783	6678,96
784	6678,96
785	6678,96
786	6678,96
787	6678,96
788	6678,96
789	6678,96
790	6678,96
791	6678,96
792	6678,96
793	6678,96
794	6678,96
795	6678,96
796	6678,96
797	6678,96
798	6678,96
799	6678,96
800	6678,96
801	6678,96
802	6678,96
803	6678,96
804	6678,96
805	6678,96
806	6678,96
807	6678,96
808	6664,82
809	6664,82
810	6662,68
811	6662,68
812	6662,68
813	6662,68
814	6662,68
815	6662,68
816	6662,68
817	6662,68
818	6662,68
819	6662,68
820	6662,68
821	6662,68
822	6662,68
823	6662,68
824	6662,68
825	6662,68
826	6662,68
827	6662,68
828	6662,68
829	6648,54
830	6648,54
831	6648,54
832	6648,54
833	6648,54
834	6648,54
835	6648,54
836	6648,54
837	6648,54
838	6580,06
839	6580,06
840	6580,06
841	6580,06
842	6580,06
843	6580,06
844	6580,06
845	6580,06
846	6580,06
847	6580,06
848	6580,06
849	6580,06
850	6577,87
851	6577,87
852	6577,87
853	6577,87
854	6577,87
855	6565,25
856	6565,25
857	6565,25
858	6565,25
859	6565,25
860	6565,25
861	6565,25
862	6565,25
863	6565,25
864	6565,25
865	6565,25
866	6565,25
867	6565,25
868	6565,25
869	6565,25
870	6565,25
871	6565,25
872	6565,25
873	6565,25
874	6565,25
875	6565,25
876	6565,25
877	6565,25
878	6565,25
879	6565,25
880	6565,25
881	6565,25
882	6565,25
883	6565,25
884	6565,25
885	6565,25
886	6565,25
887	6565,25
888	6565,25
889	6565,25
890	6565,25
891	6565,25
892	6565,25
893	6565,25
894	6565,25
895	6565,25
896	6565,25
897	6565,25
898	6565,25
899	6565,25
900	6565,25
901	6545,98
902	6545,98
903	6545,98
904	6545,98
905	6545,98
906	6545,98
907	6545,98
908	6545,98
909	6545,98
910	6545,98
911	6545,98
912	6545,98
913	6545,98
914	6545,98
915	6545,98
916	6545,98
917	6545,98
918	6545,98
919	6545,98
920	6545,98
921	6545,98
922	6545,98
923	6545,98
924	6545,98
925	6545,98
926	6545,98
927	6545,98
928	6545,98
929	6545,98
930	6545,98
931	6545,98
932	6545,98
933	6545,98
934	6545,98
935	6545,98
936	6545,98
937	6545,98
938	6545,98
939	6545,98
940	6545,98
941	6545,98
942	6545,98
943	6545,98
944	6545,98
945	6545,98
946	6545,98
947	6545,98
948	6545,98
949	6545,98
950	6545,98
951	6545,98
952	6545,98
953	6545,98
954	6545,98
955	6545,98
956	6545,98
957	6545,98
958	6545,98
959	6545,98
960	6545,98
961	6545,98
962	6545,98
963	6545,98
964	6545,98
965	6545,98
966	6545,98
967	6545,98
968	6545,98
969	6545,98
970	6545,98
971	6545,98
972	6545,98
973	6545,98
974	6545,98
975	6545,98
976	6545,98
977	6545,98
978	6545,98
979	6545,98
980	6545,98
981	6545,98
982	6545,98
983	6545,98
984	6545,98
985	6545,98
986	6545,98
987	6545,98
988	6545,98
989	6545,98
990	6545,98
991	6545,98
992	6545,98
993	6545,98
994	6545,98
995	6545,98
996	6545,98
997	6545,98
998	6545,98
999	6545,98
1000	6545,98
1001	6545,98
1002	6545,98
1003	6545,98
1004	6545,98
1005	6545,98
1006	6545,98
1007	6545,98
1008	6545,98
1009	6527,77
1010	6545,98
1011	6545,98
1012	6545,98
1013	6545,98
1014	6545,98
1015	6545,98
1016	6545,98
1017	6545,98
1018	6545,98
1019	6545,98
1020	6545,98
1021	6545,98
1022	6545,98
1023	6545,98
1024	6545,98
1025	6545,98
1026	6545,98
1027	6545,98
1028	6545,98
1029	6545,98
1030	6545,98
1031	6545,98
1032	6545,98
1033	6545,98
1034	6545,98
1035	6545,98
1036	6545,98
1037	6545,98
1038	6545,98
1039	6545,98
1040	6545,98
1041	6545,98
1042	6531,84
1043	6545,98
1044	6545,98
1045	6545,98
1046	6545,98
1047	6545,98
1048	6545,98
1049	6545,98
1050	6545,98
1051	6545,98
1052	6545,98
1053	6545,98
1054	6545,98
1055	6545,98
1056	6545,98
1057	6545,98
1058	6545,98
1059	6545,98
1060	6545,98
1061	6545,98
1062	6545,98
1063	6545,98
1064	6545,98
1065	6545,98
1066	6545,98
1067	6545,98
1068	6545,98
1069	6545,98
1070	6545,98
1071	6534,81
1072	6534,81
1073	6534,81
1074	6534,81
1075	6534,81
1076	6534,81
1077	6534,81
1078	6534,81
1079	6534,81
1080	6534,81
1081	6534,81
1082	6534,81
1083	6534,81
1084	6534,81
1085	6534,81
1086	6534,81
1087	6534,81
1088	6534,81
1089	6534,81
1090	6534,81
1091	6534,81
1092	6534,81
1093	6534,81
1094	6534,81
1095	6534,81
1096	6534,81
1097	6534,81
1098	6534,81
1099	6534,81
1100	6534,81
1101	6534,81
1102	6534,81
1103	6534,81
1104	6534,81
1105	6534,81
1106	6534,81
1107	6534,81
1108	6534,81
1109	6534,81
1110	6534,81
1111	6534,81
1112	6534,81
1113	6534,81
1114	6534,81
1115	6534,81
1116	6534,81
1117	6534,81
1118	6534,81
1119	6516,59
1120	6534,81
1121	6534,81
1122	6534,81
1123	6534,81
1124	6534,81
1125	6534,81
1126	6534,81
1127	6534,81
1128	6534,81
1129	6534,81
1130	6534,81
1131	6534,81
1132	6534,81
1133	6534,81
1134	6534,81
1135	6534,81
1136	6534,81
1137	6534,81
1138	6534,81
1139	6534,81
1140	6534,81
1141	6534,81
1142	6534,81
1143	6534,81
1144	6534,81
1145	6534,81
1146	6534,81
1147	6534,81
1148	6534,81
1149	6534,81
1150	6534,81
1151	6534,81
1152	6534,81
1153	6534,81
1154	6534,81
1155	6534,81
1156	6534,81
1157	6534,81
1158	6534,81
1159	6534,81
1160	6534,81
1161	6534,81
1162	6534,81
1163	6534,81
1164	6534,81
1165	6534,81
1166	6534,81
1167	6534,81
1168	6534,81
1169	6528,31
1170	6528,31
1171	6528,31
1172	6528,31
1173	6528,31
1174	6528,31
1175	6528,31
1176	6528,31
1177	6528,31
1178	6523,00
1179	6523,00
1180	6523,00
1181	6523,00
1182	6523,00
1183	6523,00
1184	6523,00
1185	6523,00
1186	6523,00
1187	6523,00
1188	6523,00
1189	6523,00
1190	6523,00
1191	6523,00
1192	6523,00
1193	6523,00
1194	6523,00
1195	6523,00
1196	6523,00
1197	6523,00
1198	6523,00
1199	6523,00
1200	6523,00
1201	6523,00
1202	6523,00
1203	6523,00
1204	6523,00
1205	6523,00
1206	6523,00
1207	6523,00
1208	6523,00
1209	6523,00
1210	6523,00
1211	6523,00
1212	6523,00
1213	6523,00
1214	6514,16
1215	6514,16
1216	6514,16
1217	6514,16
1218	6514,16
1219	6500,89
1220	6500,89
1221	6500,89
1222	6500,89
1223	6500,89
1224	6500,89
1225	6500,89
1226	6500,89
1227	6500,89
1228	6500,89
1229	6500,89
1230	6500,89
1231	6500,89
1232	6500,89
1233	6500,89
1234	6500,89
1235	6500,89
1236	6500,89
1237	6500,89
1238	6500,89
1239	6500,89
1240	6500,89
1241	6500,89
1242	6500,89
1243	6500,89
1244	6500,89
1245	6500,89
1246	6500,89
1247	6500,89
1248	6500,89
1249	6500,89
1250	6500,89
1251	6500,89
1252	6500,89
1253	6500,89
1254	6500,89
1255	6500,89
1256	6500,89
1257	6500,89
1258	6500,89
1259	6500,89
1260	6500,89
1261	6500,89
1262	6500,89
1263	6500,89
1264	6500,89
1265	6500,89
1266	6500,89
1267	6500,89
1268	6500,89
1269	6500,89
1270	6496,20
1271	6496,20
1272	6496,20
1273	6496,20
1274	6496,20
1275	6496,20
1276	6496,20
1277	6496,20
1278	6496,20
1279	6496,20
1280	6496,20
1281	6496,20
1282	6496,20
1283	6496,20
1284	6477,98
1285	6496,20
1286	6496,20
1287	6496,20
1288	6496,20
1289	6496,20
1290	6496,20
1291	6496,20
1292	6496,20
1293	6496,20
1294	6496,20
1295	6496,20
1296	6496,20
1297	6496,20
1298	6496,20
1299	6496,20
1300	6496,20
1301	6496,20
1302	6496,20
1303	6496,20
1304	6496,20
1305	6496,20
1306	6496,20
1307	6496,20
1308	6496,20
1309	6496,20
1310	6496,20
1311	6496,20
1312	6496,20
1313	6496,20
1314	6496,20
1315	6496,20
1316	6496,20
1317	6496,20
1318	6496,20
1319	6496,20
1320	6496,20
1321	6496,20
1322	6496,20
1323	6496,20
1324	6496,20
1325	6496,20
1326	6496,20
1327	6496,20
1328	6496,20
1329	6496,20
1330	6496,20
1331	6496,20
1332	6496,20
1333	6496,20
1334	6496,20
1335	6496,20
1336	6496,20
1337	6496,20
1338	6496,20
1339	6496,20
1340	6496,20
1341	6496,20
1342	6496,20
1343	6496,20
1344	6496,20
1345	6496,20
1346	6496,20
1347	6496,20
1348	6496,20
1349	6496,20
1350	6496,20
1351	6496,20
1352	6496,20
1353	6496,20
1354	6496,20
1355	6496,20
1356	6496,20
1357	6496,20
1358	6496,20
1359	6496,20
1360	6496,20
1361	6496,20
1362	6496,20
1363	6496,20
1364	6496,20
1365	6496,20
1366	6496,20
1367	6496,20
1368	6496,20
1369	6496,20
1370	6496,20
1371	6496,20
1372	6496,20
1373	6496,20
1374	6496,20
1375	6496,20
1376	6496,20
1377	6496,20
1378	6496,20
1379	6496,20
1380	6496,20
1381	6496,20
1382	6496,20
1383	6496,20
1384	6496,20
1385	6496,20
1386	6496,20
1387	6496,20
1388	6494,03
1389	6494,03
1390	6494,03
1391	6496,20
1392	6496,20
1393	6496,20
1394	6496,20
1395	6496,20
1396	6496,20
1397	6496,20
1398	6496,20
1399	6496,20
1400	6496,20
1401	6496,20
1402	6496,20
1403	6496,20
1404	6496,20
1405	6496,20
1406	6496,20
1407	6496,20
1408	6496,20
1409	6496,20
1410	6496,20
1411	6496,20
1412	6496,20
1413	6496,20
1414	6496,20
1415	6496,20
1416	6496,20
1417	6496,20
1418	6496,20
1419	6496,20
1420	6496,20
1421	6496,20
1422	6496,20
1423	6496,20
1424	6496,20
1425	6496,20
1426	6496,20
1427	6496,20
1428	6496,20
1429	6496,20
1430	6496,20
1431	6496,20
1432	6496,20
1433	6496,20
1434	6496,20
1435	6496,20
1436	6496,20
1437	6496,20
1438	6496,20
1439	6496,20
1440	6496,20
1441	6496,20
1442	6496,20
1443	6496,20
1444	6496,20
1445	6496,20
1446	6496,20
1447	6496,20
1448	6496,20
1449	6496,20
1450	6496,20
1451	6496,20
1452	6496,20
1453	6496,20
1454	6496,20
1455	6496,20
1456	6496,20
1457	6496,20
1458	6496,20
1459	6496,20
1460	6496,20
1461	6495,65
1462	6495,65
1463	6495,65
1464	6495,65
1465	6495,65
1466	6495,65
1467	6495,65
1468	6495,65
1469	6495,65
1470	6495,65
1471	6495,65
1472	6495,65
1473	6484,58
1474	6484,58
1475	6484,58
1476	6477,43
1477	6477,43
1478	6416,94
1479	6416,94
1480	6416,94
1481	6416,94
1482	6416,94
1483	6416,94
1484	6416,94
1485	6416,94
1486	6416,94
1487	6416,94
1488	6416,94
1489	6416,94
1490	6416,94
1491	6416,94
1492	6416,94
1493	6416,94
1494	6416,94
1495	6416,94
1496	6416,94
1497	6416,94
1498	6416,94
1499	6416,94
1500	6416,94
1501	6416,94
1502	6416,94
1503	6416,94
1504	6416,94
1505	6416,94
1506	6416,94
1507	6416,94
1508	6416,94
1509	6416,94
1510	6409,39
1511	6409,39
1512	6411,17
1513	6411,17
1514	6405,32
1515	6405,32
1516	6405,32
1517	6405,32
1518	6405,32
1519	6405,32
1520	6405,32
1521	6405,32
1522	6405,32
1523	6405,32
1524	6405,32
1525	6405,32
1526	6405,32
1527	6405,32
1528	6405,32
1529	6391,17
1530	6391,17
1531	6391,17
1532	6391,17
1533	6391,17
1534	6391,17
1535	6391,17
1536	6385,41
1537	6385,41
1538	6385,41
1539	6385,41
1540	6385,41
1541	6385,41
1542	6385,41
1543	6382,76
1544	6382,76
1545	6382,76
1546	6382,76
1547	6382,76
1548	6382,76
1549	6382,76
1550	6382,76
1551	6381,71
1552	6368,62
1553	6368,62
1554	6368,62
1555	6368,62
1556	6368,62
1557	6368,62
1558	6348,62
1559	6348,62
1560	6348,62
1561	6348,62
1562	6348,62
1563	6348,62
1564	6348,62
1565	6348,62
1566	6348,62
1567	6348,62
1568	6347,56
1569	6347,56
1570	6347,56
1571	6347,56
1572	6347,56
1573	6347,56
1574	6347,56
1575	6347,56
1576	6347,56
1577	6347,56
1578	6347,56
1579	6347,56
1580	6347,56
1581	6347,56
1582	6347,56
1583	6347,56
1584	6347,56
1585	6347,56
1586	6347,56
1587	6347,56
1588	6347,56
1589	6347,56
1590	6347,56
1591	6347,56
1592	6347,56
1593	6347,56
1594	6347,56
1595	6347,56
1596	6347,56
1597	6347,56
1598	6347,56
1599	6347,56
1600	6347,56
1601	6347,56
1602	6347,56
1603	6347,56
1604	6347,56
1605	6347,56
1606	6347,56
1607	6347,56
1608	6347,56
1609	6347,56
1610	6347,56
1611	6347,56
1612	6347,56
1613	6347,56
1614	6347,56
1615	6347,56
1616	6347,56
1617	6347,56
1618	6347,56
1619	6347,56
1620	6347,56
1621	6347,56
1622	6347,56
1623	6347,56
1624	6347,56
1625	6347,56
1626	6347,56
1627	6347,56
1628	6347,56
1629	6347,56
1630	6347,56
1631	6347,56
1632	6347,56
1633	6347,56
1634	6347,56
1635	6347,56
1636	6347,56
1637	6347,56
1638	6347,56
1639	6347,56
1640	6347,56
1641	6347,56
1642	6347,56
1643	6347,56
1644	6347,56
1645	6347,56
1646	6347,56
1647	6347,56
1648	6347,56
1649	6347,56
1650	6347,56
1651	6347,56
1652	6347,56
1653	6347,56
1654	6347,56
1655	6347,56
1656	6347,56
1657	6347,56
1658	6347,56
1659	6347,56
1660	6347,56
1661	6347,56
1662	6347,56
1663	6347,56
1664	6347,56
1665	6347,56
1666	6347,56
1667	6347,56
1668	6347,56
1669	6347,56
1670	6347,56
1671	6347,56
1672	6347,56
1673	6347,56
1674	6347,56
1675	6347,56
1676	6347,56
1677	6347,56
1678	6347,56
1679	6347,56
1680	6347,56
1681	6347,56
1682	6347,56
1683	6347,56
1684	6347,56
1685	6347,56
1686	6347,56
1687	6347,56
1688	6347,56
1689	6347,56
1690	6347,56
1691	6347,56
1692	6347,56
1693	6347,56
1694	6347,56
1695	6347,56
1696	6347,56
1697	6347,56
1698	6347,56
1699	6347,56
1700	6347,56
1701	6347,56
1702	6347,56
1703	6347,56
1704	6347,56
1705	6347,56
1706	6347,56
1707	6347,56
1708	6347,56
1709	6347,56
1710	6347,56
1711	6347,56
1712	6347,56
1713	6347,56
1714	6347,56
1715	6347,56
1716	6347,56
1717	6347,56
1718	6347,56
1719	6347,56
1720	6347,56
1721	6347,56
1722	6347,56
1723	6347,56
1724	6347,56
1725	6347,56
1726	6347,56
1727	6347,56
1728	6347,56
1729	6347,56
1730	6347,56
1731	6347,56
1732	6347,56
1733	6347,56
1734	6347,56
1735	6347,56
1736	6347,56
1737	6347,56
1738	6347,56
1739	6347,56
1740	6347,56
1741	6347,56
1742	6347,56
1743	6347,56
1744	6347,56
1745	6347,56
1746	6347,56
1747	6347,56
1748	6347,56
1749	6347,56
1750	6347,56
1751	6347,56
1752	6347,56
1753	6347,56
1754	6347,56
1755	6347,56
1756	6347,56
1757	6347,56
1758	6347,56
1759	6347,56
1760	6347,56
1761	6347,56
1762	6347,56
1763	6347,56
1764	6347,56
1765	6347,56
1766	6347,56
1767	6347,56
1768	6347,56
1769	6347,56
1770	6347,56
1771	6347,56
1772	6347,56
1773	6347,56
1774	6347,56
1775	6347,56
1776	6347,56
1777	6347,56
1778	6341,71
1779	6341,71
1780	6341,71
1781	6341,71
1782	6333,28
1783	6341,71
1784	6341,71
1785	6333,28
1786	6333,28
1787	6333,28
1788	6267,16
1789	6333,28
1790	6267,16
1791	6267,16
1792	6267,16
1793	6267,16
1794	6267,16
1795	6267,16
1796	6256,17
1797	6256,17
1798	6256,17
1799	6256,17
1800	6256,17
1801	6256,17
1802	6256,17
1803	6256,17
1804	6256,17
1805	6256,17
1806	6256,17
1807	6256,17
1808	6256,17
1809	6256,17
1810	6256,17
1811	6256,17
1812	6256,17
1813	6256,17
1814	6256,17
1815	6256,17
1816	6256,17
1817	6256,17
1818	6256,17
1819	6256,17
1820	6256,17
1821	6256,17
1822	6256,17
1823	6256,17
1824	6256,17
1825	6256,17
1826	6256,17
1827	6256,17
1828	6256,17
1829	6256,17
1830	6256,17
1831	6256,17
1832	6256,17
1833	6256,17
1834	6256,17
1835	6256,17
1836	6256,17
1837	6256,17
1838	6256,17
1839	6256,17
1840	6244,72
1841	6244,72
1842	6244,72
1843	6244,72
1844	6244,72
1845	6244,72
1846	6244,72
1847	6244,72
1848	6244,72
1849	6244,72
1850	6244,72
1851	6244,72
1852	6244,72
1853	6244,72
1854	6244,72
1855	6244,72
1856	6244,72
1857	6244,72
1858	6244,72
1859	6244,72
1860	6244,72
1861	6244,72
1862	6244,72
1863	6244,72
1864	6244,72
1865	6244,72
1866	6244,72
1867	6244,72
1868	6244,72
1869	6244,72
1870	6244,48
1871	6244,48
1872	6244,48
1873	6244,48
1874	6244,48
1875	6244,48
1876	6244,48
1877	6244,48
1878	6244,48
1879	6244,48
1880	6244,48
1881	6244,48
1882	6244,48
1883	6244,48
1884	6244,48
1885	6244,48
1886	6244,48
1887	6244,48
1888	6244,48
1889	6244,48
1890	6244,48
1891	6244,48
1892	6244,48
1893	6244,48
1894	6244,48
1895	6244,48
1896	6244,48
1897	6244,48
1898	6244,48
1899	6244,48
1900	6244,48
1901	6244,48
1902	6244,48
1903	6244,48
1904	6244,48
1905	6244,48
1906	6244,48
1907	6244,48
1908	6244,48
1909	6244,48
1910	6244,48
1911	6244,48
1912	6244,48
1913	6244,48
1914	6244,48
1915	6244,48
1916	6244,48
1917	6244,48
1918	6244,48
1919	6244,48
1920	6244,48
1921	6244,48
1922	6244,48
1923	6244,48
1924	6244,48
1925	6244,48
1926	6244,48
1927	6244,48
1928	6244,48
1929	6244,48
1930	6244,48
1931	6244,48
1932	6244,48
1933	6244,48
1934	6244,48
1935	6244,48
1936	6244,48
1937	6244,48
1938	6244,48
1939	6244,48
1940	6242,22
1941	6242,22
1942	6242,22
1943	6242,22
1944	6242,22
1945	6242,22
1946	6242,22
1947	6242,22
1948	6242,22
1949	6242,22
1950	6242,22
1951	6242,22
1952	6242,22
1953	6242,22
1954	6242,22
1955	6242,22
1956	6242,22
1957	6242,22
1958	6242,22
1959	6242,22
1960	6242,22
1961	6242,22
1962	6242,22
1963	6242,22
1964	6242,22
1965	6242,22
1966	6242,22
1967	6242,22
1968	6242,22
1969	6242,22
1970	6242,22
1971	6242,22
1972	6242,22
1973	6242,22
1974	6242,22
1975	6242,22
1976	6242,22
1977	6242,22
1978	6242,22
1979	6242,22
1980	6242,22
1981	6241,98
1982	6241,98
1983	6241,98
1984	6242,22
1985	6242,22
1986	6242,22
1987	6242,22
1988	6242,22
1989	6242,22
1990	6242,22
1991	6242,22
1992	6242,22
1993	6242,22
1994	6242,22
1995	6242,22
1996	6242,22
1997	6242,22
1998	6242,22
1999	6242,22
2000	6242,22
2001	6242,22
2002	6242,22
2003	6242,22
2004	6242,22
2005	6242,22
2006	6242,22
2007	6242,22
2008	6242,22
2009	6242,22
2010	6241,98
2011	6241,98
2012	6241,98
2013	6241,98
2014	6241,98
2015	6241,98
2016	6241,98
2017	6241,98
2018	6241,98
2019	6241,98
2020	6241,98
2021	6241,98
2022	6241,98
2023	6241,98
2024	6241,98
2025	6241,98
2026	6241,98
2027	6241,98
2028	6241,98
2029	6241,98
2030	6241,98
2031	6241,98
2032	6241,98
2033	6241,98
2034	6241,98
2035	6241,98
2036	6241,98
2037	6241,98
2038	6241,98
2039	6241,98
2040	6241,98
2041	6241,98
2042	6241,98
2043	6241,98
2044	6241,98
2045	6241,98
2046	6241,98
2047	6241,98
2048	6241,98
2049	6241,98
2050	6241,98
2051	6241,98
2052	6241,98
2053	6241,98
2054	6241,98
2055	6241,98
2056	6241,98
2057	6241,98
2058	6241,98
2059	6241,98
2060	6241,98
2061	6241,98
2062	6241,98
2063	6241,98
2064	6241,98
2065	6241,98
2066	6241,98
2067	6241,98
2068	6241,98
2069	6241,98
2070	6241,98
2071	6241,98
2072	6241,98
2073	6241,98
2074	6241,98
2075	6241,98
2076	6241,98
2077	6241,98
2078	6241,98
2079	6241,98
2080	6241,98
2081	6241,98
2082	6241,98
2083	6241,98
2084	6241,98
2085	6241,98
2086	6241,98
2087	6241,98
2088	6241,98
2089	6241,98
2090	6241,98
2091	6241,98
2092	6241,98
2093	6241,98
2094	6241,98
2095	6241,98
2096	6241,98
2097	6241,98
2098	6241,98
2099	6241,98
2100	6241,98
2101	6241,98
2102	6241,98
2103	6241,98
2104	6241,98
2105	6241,98
2106	6241,98
2107	6241,98
2108	6241,98
2109	6241,98
2110	6241,98
2111	6241,98
2112	6241,98
2113	6241,98
2114	6241,98
2115	6241,98
2116	6241,98
2117	6241,98
2118	6241,98
2119	6241,98
2120	6241,98
2121	6241,98
2122	6241,98
2123	6241,98
2124	6241,98
2125	6241,98
2126	6241,98
2127	6241,98
2128	6241,98
2129	6241,98
2130	6241,98
2131	6241,98
2132	6241,98
2133	6241,98
2134	6241,98
2135	6241,98
2136	6241,98
2137	6241,98
2138	6241,98
2139	6241,98
2140	6241,98
2141	6241,98
2142	6241,98
2143	6241,98
2144	6241,98
2145	6241,98
2146	6241,98
2147	6241,98
2148	6241,98
2149	6241,98
2150	6241,98
2151	6241,98
2152	6241,98
2153	6241,98
2154	6241,98
2155	6241,98
2156	6241,98
2157	6241,98
2158	6241,98
2159	6241,98
2160	6241,98
2161	6241,98
2162	6241,98
2163	6241,98
2164	6241,98
2165	6241,98
2166	6241,98
2167	6241,98
2168	6241,98
2169	6241,98
2170	6241,98
2171	6241,98
2172	6241,98
2173	6241,98
2174	6241,98
2175	6241,98
2176	6241,98
2177	6241,98
2178	6241,98
2179	6241,98
2180	6241,98
2181	6241,98
2182	6241,98
2183	6241,98
2184	6241,98
2185	6241,98
2186	6241,98
2187	6241,98
2188	6241,98
2189	6241,98
2190	6241,98
2191	6241,98
2192	6241,98
2193	6241,98
2194	6241,98
2195	6241,98
2196	6241,98
2197	6241,98
2198	6241,98
2199	6241,98
2200	6241,98
2201	6241,98
2202	6241,98
2203	6241,98
2204	6241,98
2205	6241,98
2206	6241,98
2207	6241,98
2208	6241,98
2209	6241,98
2210	6241,98
2211	6241,98
2212	6241,98
2213	6241,98
2214	6241,98
2215	6241,98
2216	6241,98
2217	6241,98
2218	6241,98
2219	6241,98
2220	6241,98
2221	6241,98
2222	6241,98
2223	6241,98
2224	6241,98
2225	6241,98
2226	6241,98
2227	6241,98
2228	6241,98
2229	6241,98
2230	6241,98
2231	6241,98
2232	6241,98
2233	6241,98
2234	6241,98
2235	6241,98
2236	6241,98
2237	6241,98
2238	6241,98
2239	6241,98
2240	6241,98
2241	6241,98
2242	6241,98
2243	6241,98
2244	6241,98
2245	6241,98
2246	6241,98
2247	6241,98
2248	6241,98
2249	6241,98
2250	6241,98
2251	6241,98
2252	6241,98
2253	6241,98
2254	6241,98
2255	6241,98
2256	6241,98
2257	6241,98
2258	6241,98
2259	6241,98
2260	6241,98
2261	6241,98
2262	6241,98
2263	6241,98
2264	6241,98
2265	6241,98
2266	6241,98
2267	6241,98
2268	6241,98
2269	6241,98
2270	6241,98
2271	6241,98
2272	6241,98
2273	6241,98
2274	6241,98
2275	6241,98
2276	6241,98
2277	6241,98
2278	6241,98
2279	6241,98
2280	6241,98
2281	6241,98
2282	6241,98
2283	6241,98
2284	6241,98
2285	6241,98
2286	6241,98
2287	6241,98
2288	6241,98
2289	6241,98
2290	6241,98
2291	6241,98
2292	6241,98
2293	6241,98
2294	6241,98
2295	6241,98
2296	6241,98
2297	6241,98
2298	6241,98
2299	6241,98
2300	6241,98
2301	6241,98
2302	6241,98
2303	6241,98
2304	6238,39
2305	6238,39
2306	6238,39
2307	6238,39
2308	6238,39
2309	6238,39
2310	6235,52
2311	6235,52
2312	6235,52
2313	6235,52
2314	6235,52
2315	6235,52
2316	6235,52
2317	6235,52
2318	6235,52
2319	6235,52
2320	6235,52
2321	6235,52
2322	6235,52
2323	6235,52
2324	6235,52
2325	6235,52
2326	6235,52
2327	6235,52
2328	6235,52
2329	6235,52
2330	6235,52
2331	6235,52
2332	6235,52
2333	6235,52
2334	6235,52
2335	6235,52
2336	6235,52
2337	6235,52
2338	6235,52
2339	6235,52
2340	6235,52
2341	6235,52
2342	6235,52
2343	6235,52
2344	6235,52
2345	6235,52
2346	6235,52
2347	6235,52
2348	6235,52
2349	6235,52
2350	6235,52
2351	6235,52
2352	6235,52
2353	6235,52
2354	6235,52
2355	6235,52
2356	6235,52
2357	6235,52
2358	6235,52
2359	6235,52
2360	6235,52
2361	6235,52
2362	6235,52
2363	6235,52
2364	6235,52
2365	6235,52
2366	6235,52
2367	6235,52
2368	6235,52
2369	6235,52
2370	6235,52
2371	6235,52
2372	6235,52
2373	6235,52
2374	6235,52
2375	6235,52
2376	6235,52
2377	6235,52
2378	6235,52
2379	6235,52
2380	6235,52
2381	6235,52
2382	6235,52
2383	6235,52
2384	6235,52
2385	6235,52
2386	6235,52
2387	6235,52
2388	6235,52
2389	6229,66
