0	18423,65
1	18423,65
2	18422,97
3	18096,91
4	18074,39
5	18074,39
6	18074,39
7	17974,62
8	17782,72
9	17718,44
10	17815,72
11	17739,49
12	17739,49
13	17623,76
14	17623,76
15	17623,76
16	17623,76
17	17623,76
18	17623,76
19	17171,51
20	17389,47
21	17389,47
22	17389,47
23	17389,47
24	17389,47
25	17389,47
26	17368,24
27	17368,24
28	17368,24
29	16992,17
30	16992,17
31	16992,17
32	16759,00
33	16472,57
34	16472,57
35	16169,10
36	16169,10
37	16169,10
38	16169,10
39	16006,54
40	16006,54
41	16047,22
42	16015,06
43	15992,27
44	15993,57
45	15729,75
46	15729,75
47	15729,75
48	15729,75
49	15729,75
50	15729,75
51	15729,75
52	15282,91
53	15282,91
54	15282,91
55	15282,91
56	15282,91
57	15264,56
58	15162,50
59	15031,39
60	15031,39
61	15031,39
62	15031,39
63	15031,39
64	15031,39
65	15031,39
66	15031,39
67	14940,99
68	14772,51
69	14772,51
70	14772,51
71	14556,21
72	14556,21
73	14516,51
74	14516,51
75	14513,63
76	14513,63
77	14447,74
78	14467,78
79	14510,82
80	14510,82
81	14510,82
82	14510,82
83	14510,82
84	14171,17
85	14171,17
86	14171,17
87	14238,08
88	14238,08
89	14238,08
90	14137,06
91	14137,06
92	14132,50
93	14132,50
94	14132,50
95	14132,50
96	14132,50
97	14132,50
98	14107,64
99	14107,64
100	14103,93
101	13932,01
102	13932,01
103	13932,01
104	13932,01
105	13932,01
106	13932,01
107	13931,26
108	13931,26
109	13943,66
110	13932,45
111	13758,81
112	13758,81
113	13762,68
114	13762,68
115	13762,68
116	13762,68
117	13762,68
118	13762,68
119	13762,68
120	13762,68
121	13762,68
122	13374,67
123	13374,67
124	13374,67
125	13374,67
126	13374,67
127	13374,67
128	13359,50
129	13375,89
130	13375,89
131	13061,60
132	13061,60
133	13061,60
134	13061,60
135	13061,60
136	12966,51
137	12966,51
138	13163,57
139	13163,57
140	13163,57
141	13163,57
142	12909,94
143	12909,94
144	12909,94
145	13145,35
146	13145,35
147	13231,98
148	12888,90
149	12888,90
150	12930,65
151	12930,65
152	12930,65
153	12930,65
154	12930,65
155	12930,65
156	12930,65
157	12930,65
158	12930,65
159	12930,65
160	12929,19
161	12929,19
162	12929,19
163	12917,96
164	12917,96
165	12917,96
166	12917,96
167	12917,96
168	12848,61
169	12848,61
170	12848,61
171	12848,61
172	12832,17
173	12832,17
174	12832,17
175	12937,76
176	12988,70
177	12988,70
178	12643,67
179	12643,67
180	12643,67
181	12643,67
182	12643,67
183	12542,31
184	12542,31
185	12542,31
186	12542,31
187	12542,31
188	12542,31
189	12542,31
190	12542,31
191	12709,17
192	12709,17
193	12709,17
194	12709,17
195	12709,17
196	12709,17
197	12317,89
198	12294,22
199	12294,22
200	12294,22
201	12294,22
202	12294,22
203	12294,22
204	12294,22
205	12294,22
206	12281,84
207	12281,84
208	12281,84
209	12281,84
210	12436,94
211	12436,94
212	12436,94
213	12436,94
214	12385,63
215	12385,63
216	12385,63
217	12385,63
218	12385,63
219	12306,01
220	12306,01
221	12306,01
222	12306,01
223	12306,01
224	12306,01
225	12306,01
226	12306,01
227	12306,01
228	12306,01
229	12306,01
230	12306,01
231	12306,01
232	12323,64
233	12323,64
234	12255,09
235	12255,09
236	12255,09
237	12255,09
238	12255,09
239	12255,09
240	12055,83
241	12055,83
242	12055,83
243	12055,83
244	12055,83
245	11995,57
246	11995,57
247	11995,57
248	11995,57
249	11995,57
250	12058,12
251	12058,12
252	12058,12
253	12058,12
254	12042,37
255	12042,37
256	12042,37
257	12042,37
258	11827,20
259	11963,14
260	11963,14
261	11996,02
262	11996,02
263	11996,02
264	11996,02
265	11833,66
266	11833,66
267	11833,66
268	11833,66
269	11771,21
270	11771,21
271	11631,46
272	11721,73
273	11721,73
274	11721,73
275	11721,73
276	11714,25
277	11630,45
278	11717,74
279	11717,74
280	11717,74
281	11719,52
282	11719,52
283	11719,52
284	11670,61
285	11745,85
286	11745,85
287	11745,85
288	11745,85
289	11740,05
290	11740,05
291	11590,38
292	11683,85
293	11795,69
294	11795,69
295	11795,69
296	11795,69
297	11772,84
298	11772,84
299	11772,84
300	11772,84
301	11772,84
302	11772,84
303	11772,84
304	11772,84
305	11772,84
306	11772,84
307	11772,84
308	11760,84
309	11697,16
310	11697,16
311	11697,16
312	11697,16
313	11697,16
314	11672,52
315	11672,52
316	11672,52
317	11672,52
318	11672,52
319	11512,29
320	11512,29
321	11512,29
322	11512,29
323	11512,29
324	11512,29
325	11512,29
326	11512,29
327	11331,65
328	11331,65
329	11331,65
330	11331,65
331	11352,98
332	11352,98
333	11339,49
334	11078,69
335	11078,69
336	11078,69
337	11078,69
338	11078,69
339	11078,69
340	11066,78
341	11066,78
342	11066,78
343	11066,78
344	11066,78
345	11066,78
346	11013,08
347	11013,08
348	11013,08
349	11013,08
350	11013,08
351	11013,08
352	10987,92
353	10987,92
354	10987,92
355	10987,92
356	10965,73
357	10965,73
358	10937,05
359	10937,05
360	10937,05
361	10937,05
362	10937,05
363	10937,05
364	10937,05
365	10937,05
366	10937,05
367	10937,05
368	10937,05
369	10937,05
370	10937,05
371	10937,05
372	10887,74
373	10887,74
374	10887,74
375	10973,71
376	10767,85
377	10767,85
378	10767,85
379	10767,85
380	10767,85
381	10767,85
382	10767,85
383	10961,38
384	10961,38
385	10961,38
386	10622,01
387	10622,01
388	10755,54
389	10755,54
390	10755,54
391	10755,54
392	10755,54
393	10755,54
394	10755,54
395	10755,54
396	10795,20
397	10758,40
398	10758,40
399	10758,40
400	10758,40
401	10758,40
402	10758,40
403	10758,40
404	10758,40
405	10758,40
406	10758,40
407	10758,40
408	10626,09
409	10626,09
410	10626,09
411	10626,09
412	10626,09
413	10626,09
414	10626,09
415	10626,09
416	10426,83
417	10797,52
418	10797,52
419	10797,52
420	10797,52
421	10797,52
422	10797,52
423	10797,52
424	10581,20
425	10571,78
426	10571,78
427	10571,78
428	10594,67
429	10594,67
430	10594,67
431	10594,67
432	10594,67
433	10594,67
434	10586,85
435	10567,24
436	10536,81
437	10536,81
438	10536,81
439	10536,81
440	10527,64
441	10527,64
442	10527,64
443	10505,80
444	10505,80
445	10505,80
446	10505,80
447	10505,80
448	10520,20
449	10520,20
450	10520,20
451	10520,20
452	10520,20
453	10520,20
454	10513,78
455	10513,78
456	10513,78
457	10513,78
458	10507,52
459	10568,28
460	10568,28
461	10568,28
462	10568,28
463	10568,28
464	10523,15
465	10523,15
466	10523,15
467	10523,15
468	10523,15
469	10533,96
470	10533,96
471	10494,76
472	10494,76
473	10494,76
474	10494,76
475	10620,35
476	10620,35
477	10620,35
478	10620,35
479	10484,67
480	10484,67
481	10484,67
482	10587,93
483	10587,93
484	10397,20
485	10563,72
486	10563,72
487	10563,72
488	10563,72
489	10563,72
490	10563,72
491	10522,30
492	10522,30
493	10512,09
494	10512,09
495	10512,09
496	10512,09
497	10512,09
498	10512,09
499	10512,09
500	10520,24
501	10520,24
502	10520,24
503	10520,24
504	10520,24
505	10520,24
506	10520,24
507	10520,24
508	10520,24
509	10520,24
510	10520,24
511	10520,24
512	10520,24
513	10520,24
514	10520,24
515	10520,24
516	10520,24
517	10520,24
518	10520,24
519	10520,24
520	10520,24
521	10520,24
522	10466,58
523	10466,58
524	10466,58
525	10466,58
526	10044,12
527	10044,12
528	10044,12
529	10044,12
530	10458,31
531	10458,31
532	10170,00
533	10170,00
534	10170,00
535	10400,75
536	10400,75
537	10400,75
538	10400,75
539	10400,75
540	10400,75
541	10400,75
542	10400,75
543	10400,75
544	10400,75
545	10400,75
546	10215,56
547	10215,56
548	10215,56
549	10215,56
550	10215,56
551	10176,21
552	10176,21
553	10176,21
554	10177,84
555	10177,84
556	10177,84
557	10177,84
558	10183,85
559	10183,85
560	10183,85
561	10183,85
562	10183,85
563	10183,85
564	10163,85
565	10163,85
566	10163,85
567	10163,85
568	10163,85
569	10115,17
570	10115,17
571	10115,17
572	10115,17
573	10115,17
574	10115,17
575	10115,17
576	10115,17
577	10111,74
578	10111,74
579	10111,74
580	10111,74
581	10111,74
582	9812,67
583	9812,67
584	9846,86
585	9711,87
586	9711,87
587	9711,87
588	9711,87
589	9711,87
590	9649,21
591	9649,21
592	9649,21
593	9649,21
594	9649,21
595	9649,21
596	9649,21
597	9649,21
598	9628,81
599	9628,81
600	9689,44
601	9689,44
602	9502,25
603	9502,25
604	9502,25
605	9502,25
606	9502,25
607	9502,25
608	9502,25
609	9494,48
610	9494,48
611	9494,48
612	9439,59
613	9439,59
614	9439,59
615	9552,06
616	9552,06
617	9552,06
618	9552,06
619	9552,06
620	9552,06
621	9552,06
622	9552,06
623	9552,06
624	9552,06
625	9552,06
626	9552,06
627	9552,06
628	9552,06
629	9552,06
630	9552,06
631	9552,06
632	9481,03
633	9481,03
634	9481,03
635	9481,03
636	9481,03
637	9488,20
638	9488,20
639	9488,20
640	9488,20
641	9488,20
642	9488,20
643	9488,20
644	9488,20
645	9488,20
646	9488,20
647	9468,20
648	9468,20
649	9468,20
650	9468,20
651	9468,20
652	9525,32
653	9525,32
654	9525,32
655	9525,32
656	9525,32
657	9525,32
658	9525,32
659	9525,32
660	9525,32
661	9525,32
662	9525,32
663	9525,32
664	9586,11
665	9586,11
666	9586,11
667	9586,11
668	9586,11
669	9511,17
670	9596,85
671	9596,85
672	9596,85
673	9641,22
674	9641,22
675	9641,22
676	9558,73
677	9558,73
678	9558,73
679	9558,73
680	9602,80
681	9602,80
682	9602,80
683	9602,80
684	9602,80
685	9602,80
686	9602,80
687	9622,40
688	9622,40
689	9622,40
690	9622,40
691	9622,40
692	9595,03
693	9595,03
694	9595,03
695	9595,03
696	9532,27
697	9532,27
698	9532,27
699	9532,27
700	9532,27
701	9532,27
702	9532,27
703	9532,27
704	9532,27
705	9532,27
706	9526,19
707	9526,19
708	9526,19
709	9526,19
710	9526,19
711	9526,19
712	9526,19
713	9589,37
714	9589,37
715	9589,37
716	9589,37
717	9589,37
718	9589,37
719	9589,37
720	9589,37
721	9589,37
722	9500,26
723	9498,48
724	9641,06
725	9641,06
726	9641,06
727	9641,06
728	9641,06
729	9452,79
730	9452,79
731	9452,79
732	9452,79
733	9452,79
734	9452,79
735	9452,79
736	9452,79
737	9442,62
738	9442,62
739	9442,62
740	9425,60
741	9425,60
742	9425,60
743	9425,60
744	9425,60
745	9425,60
746	9425,60
747	9425,60
748	9429,23
749	9429,23
750	9429,23
751	9429,23
752	9429,23
753	9429,23
754	9429,23
755	9429,23
756	9418,40
757	9418,40
758	9418,40
759	9418,40
760	9418,40
761	9418,40
762	9418,40
763	9418,40
764	9400,63
765	9400,63
766	9400,63
767	9362,27
768	9362,27
769	9362,27
770	9362,27
771	9362,27
772	9361,88
773	9361,88
774	9361,88
775	9361,88
776	9361,88
777	9353,99
778	9353,99
779	9408,31
780	9408,31
781	9408,31
782	9408,31
783	9408,31
784	9408,31
785	9408,31
786	9408,31
787	9338,77
788	9338,77
789	9338,77
790	9338,77
791	9351,16
792	9351,16
793	9351,16
794	9351,16
795	9343,52
796	9343,52
797	9343,52
798	9343,52
799	9327,58
800	9327,58
801	9327,58
802	9327,58
803	9327,58
804	9332,64
805	9265,58
806	9265,58
807	9265,58
808	9265,58
809	9265,58
810	9265,58
811	9224,86
812	9224,86
813	9224,86
814	9224,86
815	9224,86
816	9224,86
817	9224,86
818	9224,86
819	9224,86
820	9224,86
821	9224,86
822	9186,52
823	9186,52
824	9189,91
825	9189,91
826	9189,91
827	9189,91
828	9189,91
829	9189,91
830	9196,58
831	9196,58
832	9196,58
833	9196,58
834	9179,09
835	9179,09
836	9179,09
837	9184,95
838	9188,29
839	9188,29
840	9188,29
841	9188,29
842	9176,67
843	9176,67
844	9176,67
845	9176,67
846	9176,67
847	9176,67
848	9176,67
849	9176,67
850	9120,01
851	9120,01
852	9120,01
853	9120,01
854	9120,01
855	9120,01
856	9120,01
857	9120,01
858	9120,01
859	9121,62
860	9121,62
861	9121,62
862	9121,62
863	9121,62
864	9121,62
865	9108,53
866	9108,11
867	9108,11
868	9108,11
869	9108,11
870	9108,11
871	9106,27
872	9106,27
873	9106,27
874	9088,05
875	9088,05
876	9088,05
877	9088,05
878	9088,05
879	9088,05
880	9088,05
881	9088,05
882	9088,05
883	9088,05
884	9088,05
885	9104,04
886	9104,04
887	9103,73
888	8976,76
889	8976,76
890	8976,76
891	8976,76
892	8976,76
893	8976,76
894	8976,76
895	8976,76
896	9115,70
897	9115,70
898	9115,70
899	9115,70
900	9115,70
901	9115,70
902	9115,70
903	9115,70
904	9115,70
905	9115,70
906	9115,70
907	9115,70
908	9115,70
909	9115,70
910	9115,70
911	9115,70
912	9115,70
913	9115,70
914	9115,70
915	8852,93
916	8852,93
917	8852,93
918	8852,93
919	8852,93
920	9086,11
921	9086,11
922	9086,11
923	8861,23
924	8861,23
925	8861,23
926	8861,23
927	8861,23
928	8861,23
929	8861,23
930	9028,75
931	9028,75
932	9028,75
933	9028,75
934	9028,75
935	9028,75
936	9027,35
937	9027,35
938	9027,35
939	9027,35
940	9025,16
941	9025,16
942	9025,16
943	9025,13
944	9025,13
945	9025,13
946	9025,13
947	9025,13
948	9025,13
949	9025,13
950	8932,99
951	8932,99
952	8932,99
953	8932,99
954	8932,99
955	8932,99
956	8737,28
957	8737,28
958	8737,28
959	8737,28
960	8737,28
961	8737,28
962	8723,14
963	8723,14
964	8723,14
965	8723,14
966	8723,14
967	8723,14
968	8723,14
969	8723,14
970	8731,61
971	8731,61
972	8731,61
973	8719,88
974	8719,88
975	8719,88
976	8719,88
977	8719,88
978	8719,88
979	8706,99
980	8706,99
981	8706,99
982	8706,99
983	8706,99
984	8706,99
985	8705,37
986	8705,37
987	8705,37
988	8705,37
989	8705,37
990	8647,04
991	8647,04
992	8647,04
993	8647,04
994	8647,04
995	8647,04
996	8647,04
997	8647,04
998	8647,04
999	8647,04
1000	8647,04
1001	8647,04
1002	8647,04
1003	8647,04
1004	8647,04
1005	8647,04
1006	8647,04
1007	8669,54
1008	8661,15
1009	8661,15
1010	8627,78
1011	8627,78
1012	8627,78
1013	8627,78
1014	8627,78
1015	8627,78
1016	8627,78
1017	8627,78
1018	8627,78
1019	8635,04
1020	8635,04
1021	8635,04
1022	8623,55
1023	8623,55
1024	8623,55
1025	8607,56
1026	8607,56
1027	8607,56
1028	8607,56
1029	8607,56
1030	8607,56
1031	8607,56
1032	8607,56
1033	8595,69
1034	8586,48
1035	8586,48
1036	8586,48
1037	8591,61
1038	8591,61
1039	8591,61
1040	8591,61
1041	8589,46
1042	8589,46
1043	8589,46
1044	8589,46
1045	8589,46
1046	8589,46
1047	8589,46
1048	8589,46
1049	8589,46
1050	8589,46
1051	8589,46
1052	8589,46
1053	8498,17
1054	8498,17
1055	8498,17
1056	8498,17
1057	8498,17
1058	8489,88
1059	8489,88
1060	8489,88
1061	8489,88
1062	8489,88
1063	8489,88
1064	8466,36
1065	8466,36
1066	8531,55
1067	8531,55
1068	8531,55
1069	8531,55
1070	8699,52
1071	8448,79
1072	8448,79
1073	8448,79
1074	8448,79
1075	8448,79
1076	8456,33
1077	8456,33
1078	8456,33
1079	8456,33
1080	8456,33
1081	8456,33
1082	8456,33
1083	8456,33
1084	8456,33
1085	8368,79
1086	8450,71
1087	8450,71
1088	8450,71
1089	8450,71
1090	8450,71
1091	8450,71
1092	8450,71
1093	8450,71
1094	8450,71
1095	8450,71
1096	8450,71
1097	8450,71
1098	8450,71
1099	8450,71
1100	8450,71
1101	8450,71
1102	8557,89
1103	8416,44
1104	8416,44
1105	8416,44
1106	8416,44
1107	8416,44
1108	8336,44
1109	8336,44
1110	8336,44
1111	8336,44
1112	8336,44
1113	8336,44
1114	8336,44
1115	8336,44
1116	8336,44
1117	8402,10
1118	8402,10
1119	8402,10
1120	8395,18
1121	8395,18
1122	8395,18
1123	8395,18
1124	8395,18
1125	8395,18
1126	8395,18
1127	8395,18
1128	8395,18
1129	8423,56
1130	8423,56
1131	8423,56
1132	8423,56
1133	8354,74
1134	8354,74
1135	8354,74
1136	8354,74
1137	8354,74
1138	8354,74
1139	8354,74
1140	8354,74
1141	8354,74
1142	8330,24
1143	8330,24
1144	8330,24
1145	8330,24
1146	8330,24
1147	8330,24
1148	8330,24
1149	8330,24
1150	8381,04
1151	8381,04
1152	8381,04
1153	8381,04
1154	8381,04
1155	8381,04
1156	8381,04
1157	8381,04
1158	8381,04
1159	8381,04
1160	8381,04
1161	8381,04
1162	8372,89
1163	8372,89
1164	8372,89
1165	8372,89
1166	8372,89
1167	8372,89
1168	8388,49
1169	8388,49
1170	8386,76
1171	8386,76
1172	8386,76
1173	8386,76
1174	8386,76
1175	8294,42
1176	8294,42
1177	8294,42
1178	8294,42
1179	8294,42
1180	8294,42
1181	8400,99
1182	8400,99
1183	8299,54
1184	8299,54
1185	8299,54
1186	8283,65
1187	8283,65
1188	8370,48
1189	8370,48
1190	8370,48
1191	8370,48
1192	8370,48
1193	8370,48
1194	8370,48
1195	8370,48
1196	8370,48
1197	8370,48
1198	8370,48
1199	8370,48
1200	8370,48
1201	8370,48
1202	8370,48
1203	8370,48
1204	8362,84
1205	8362,84
1206	8362,84
1207	8362,84
1208	8362,84
1209	8362,84
1210	8340,55
1211	8340,55
1212	8340,55
1213	8340,55
1214	8340,55
1215	8340,55
1216	8238,50
1217	8238,50
1218	8238,50
1219	8238,50
1220	8238,50
1221	8238,50
1222	8238,50
1223	8238,50
1224	8250,85
1225	8357,28
1226	8357,28
1227	8357,28
1228	8357,28
1229	8357,28
1230	8357,28
1231	8357,28
1232	8357,28
1233	8357,28
1234	8357,28
1235	8357,28
1236	8357,28
1237	8346,51
1238	8346,51
1239	8346,51
1240	8346,51
1241	8346,51
1242	8346,51
1243	8346,51
1244	8346,51
1245	8346,51
1246	8346,51
1247	8346,51
1248	8346,51
1249	8346,51
1250	8174,43
1251	8174,43
1252	8186,74
1253	8186,74
1254	8186,74
1255	8365,23
1256	8365,23
1257	8365,23
1258	8365,23
1259	8365,23
1260	8365,23
1261	8365,23
1262	8365,23
1263	8228,40
1264	8188,81
1265	8188,81
1266	8188,81
1267	8188,81
1268	8188,81
1269	8188,81
1270	8188,81
1271	8188,81
1272	8149,29
1273	8149,29
1274	8149,29
1275	8236,45
1276	8236,45
1277	8236,45
1278	8167,57
1279	8167,57
1280	8167,57
1281	8167,57
1282	8167,57
1283	8167,57
1284	8167,57
1285	8167,57
1286	8169,64
1287	8169,64
1288	8169,64
1289	8169,64
1290	8169,64
1291	8169,64
1292	8169,64
1293	8169,64
1294	8155,50
1295	8155,50
1296	8155,50
1297	8155,50
1298	8155,50
1299	8155,50
1300	8155,50
1301	8155,50
1302	8141,16
1303	8141,16
1304	8129,45
1305	8129,45
1306	8129,45
1307	8129,45
1308	8129,45
1309	8129,45
1310	8129,45
1311	8129,45
1312	8129,45
1313	8129,45
1314	8129,45
1315	8125,82
1316	8125,82
1317	8125,82
1318	8125,82
1319	8125,82
1320	8125,82
1321	8125,82
1322	8125,82
1323	8125,82
1324	8125,82
1325	8109,45
1326	8109,45
1327	8109,45
1328	8109,45
1329	8127,34
1330	8127,34
1331	8169,01
1332	8169,01
1333	8169,01
1334	8169,01
1335	8169,01
1336	8169,01
1337	8169,01
1338	8169,01
1339	8169,01
1340	8084,95
1341	8071,80
1342	8156,64
1343	8156,64
1344	8234,82
1345	8234,82
1346	8234,82
1347	8234,82
1348	8234,82
1349	8234,82
1350	8234,82
1351	8234,82
1352	8234,82
1353	8234,82
1354	8229,98
1355	8229,98
1356	8229,98
1357	8229,98
1358	8229,98
1359	8229,98
1360	8236,76
1361	8133,38
1362	8133,38
1363	8133,38
1364	8133,38
1365	8133,38
1366	8133,38
1367	8133,38
1368	8133,38
1369	8094,51
1370	8138,89
1371	8138,89
1372	8138,89
1373	8138,89
1374	8138,89
1375	8138,89
1376	8138,89
1377	8138,89
1378	8138,89
1379	8138,89
1380	8138,89
1381	8138,89
1382	8122,90
1383	8122,90
1384	8122,90
1385	8122,90
1386	8122,90
1387	8122,90
1388	8122,90
1389	8122,90
1390	8122,90
1391	8122,90
1392	8122,90
1393	8122,90
1394	8122,90
1395	8122,90
1396	8122,90
1397	8122,90
1398	8136,29
1399	8136,29
1400	8136,29
1401	8136,29
1402	8136,29
1403	8136,29
1404	8136,29
1405	8136,29
1406	8136,29
1407	8136,29
1408	8136,29
1409	8136,29
1410	8136,29
1411	8136,29
1412	8136,29
1413	8136,29
1414	8136,29
1415	8136,29
1416	8136,29
1417	8136,29
1418	8136,29
1419	8144,57
1420	8144,57
1421	8144,57
1422	8144,57
1423	8144,57
1424	8138,07
1425	8138,07
1426	8109,75
1427	8109,75
1428	8109,75
1429	8109,75
1430	8137,86
1431	8137,86
1432	8137,86
1433	8137,86
1434	8137,86
1435	8137,86
1436	8137,86
1437	8137,86
1438	8137,86
1439	8137,86
1440	8137,86
1441	8137,86
1442	8137,86
1443	8137,86
1444	8132,00
1445	8132,00
1446	8112,40
1447	8112,40
1448	8112,40
1449	8110,17
1450	8110,17
1451	8119,53
1452	8119,53
1453	8119,53
1454	8119,53
1455	8119,53
1456	8119,53
1457	8119,53
1458	8119,53
1459	8119,53
1460	8119,53
1461	8119,53
1462	8129,60
1463	8129,60
1464	8129,60
1465	8129,60
1466	8129,60
1467	8129,60
1468	8129,60
1469	8129,60
1470	8129,60
1471	8131,38
1472	8131,38
1473	8131,38
1474	8131,38
1475	8131,38
1476	8131,38
1477	8131,38
1478	8131,38
1479	8131,38
1480	8131,38
1481	8012,01
1482	8012,01
1483	8012,01
1484	8012,01
1485	8012,01
1486	8012,01
1487	8012,01
1488	8012,01
1489	8012,01
1490	7999,01
1491	7999,01
1492	7999,01
1493	8011,81
1494	8011,81
1495	7992,09
1496	7992,09
1497	7992,09
1498	7992,09
1499	7992,09
1500	7958,39
1501	7958,39
1502	7958,39
1503	7958,39
1504	7958,39
1505	7958,39
1506	7958,39
1507	7958,39
1508	7958,39
1509	8002,15
1510	8002,15
1511	8002,15
1512	8002,15
1513	8002,15
1514	8002,15
1515	8002,15
1516	8002,15
1517	7964,99
1518	7964,99
1519	7964,99
1520	7977,53
1521	7977,53
1522	7977,53
1523	7977,53
1524	7977,53
1525	7977,53
1526	7977,53
1527	7977,53
1528	7977,53
1529	7968,34
1530	7968,34
1531	7968,34
1532	7968,34
1533	7968,34
1534	7968,34
1535	7968,34
1536	7968,34
1537	7963,17
1538	7963,17
1539	7963,17
1540	7963,17
1541	7963,17
1542	7963,17
1543	7963,17
1544	7963,17
1545	7908,90
1546	7908,90
1547	7908,90
1548	7908,90
1549	7908,90
1550	7908,90
1551	7908,90
1552	7908,90
1553	7919,05
1554	7919,05
1555	7914,78
1556	7914,78
1557	7914,78
1558	7914,78
1559	7914,78
1560	7914,78
1561	7914,78
1562	7914,78
1563	7914,78
1564	7914,78
1565	7914,78
1566	7914,78
1567	7914,78
1568	7914,78
1569	7914,78
1570	7864,10
1571	7864,10
1572	7864,10
1573	7864,10
1574	7864,10
1575	7864,10
1576	7932,67
1577	7932,67
1578	7908,92
1579	7908,92
1580	7908,92
1581	7908,92
1582	7908,92
1583	7908,92
1584	7908,92
1585	7908,92
1586	7908,92
1587	7908,92
1588	7911,50
1589	7911,50
1590	7912,10
1591	7912,10
1592	7912,10
1593	7912,10
1594	7912,10
1595	7912,10
1596	7912,10
1597	7912,10
1598	7929,99
1599	7929,99
1600	7929,99
1601	7922,12
1602	7922,12
1603	7920,90
1604	7920,90
1605	7920,90
1606	7920,90
1607	7920,90
1608	7920,90
1609	7920,90
1610	7920,90
1611	7920,90
1612	7920,90
1613	7920,90
1614	7920,90
1615	7920,90
1616	7920,90
1617	7920,90
1618	7920,90
1619	7920,90
1620	7920,90
1621	7909,27
1622	7909,27
1623	7909,27
1624	7909,27
1625	7909,27
1626	7902,77
1627	7902,77
1628	7902,77
1629	7902,77
1630	7908,62
1631	7908,62
1632	7908,62
1633	7908,62
1634	7908,62
1635	7905,13
1636	7897,20
1637	7897,20
1638	7897,20
1639	7897,20
1640	7897,20
1641	7912,21
1642	7912,21
1643	7912,21
1644	7912,21
1645	7912,21
1646	7912,21
1647	7912,21
1648	7912,21
1649	7912,21
1650	7912,21
1651	7912,21
1652	7912,21
1653	7912,21
1654	7912,21
1655	7912,21
1656	7912,21
1657	7912,21
1658	7912,21
1659	7891,93
1660	7891,93
1661	7891,93
1662	7895,93
1663	7895,93
1664	7895,93
1665	7954,22
1666	7954,22
1667	7954,22
1668	7954,22
1669	7954,22
1670	7954,22
1671	7954,22
1672	7954,22
1673	7954,22
1674	7954,22
1675	7954,22
1676	7954,22
1677	7954,22
1678	7954,22
1679	7954,22
1680	7954,22
1681	7954,22
1682	7954,22
1683	7954,22
1684	7954,22
1685	7954,22
1686	7954,22
1687	7954,22
1688	7954,22
1689	7954,22
1690	7954,22
1691	7954,22
1692	7966,43
1693	7966,43
1694	7966,43
1695	7966,43
1696	7966,43
1697	7966,43
1698	7966,43
1699	7966,43
1700	7966,43
1701	7966,43
1702	7966,43
1703	7966,43
1704	7966,43
1705	7966,43
1706	7965,56
1707	7965,56
1708	7965,56
1709	7965,56
1710	7965,56
1711	7948,21
1712	7948,21
1713	7948,21
1714	7948,21
1715	7912,45
1716	7912,45
1717	7912,45
1718	7912,45
1719	7912,45
1720	7912,45
1721	7898,40
1722	7898,40
1723	7898,40
1724	7898,40
1725	7898,40
1726	7898,40
1727	7898,40
1728	7898,40
1729	7898,40
1730	7898,40
1731	7898,40
1732	7898,40
1733	7864,62
1734	7864,62
1735	7864,62
1736	7864,62
1737	7864,62
1738	7864,62
1739	7864,62
1740	7864,62
1741	7864,62
1742	7871,21
1743	7871,21
1744	7871,21
1745	7871,21
1746	7871,21
1747	7871,21
1748	7871,21
1749	7871,21
1750	7871,21
1751	7871,21
1752	7871,21
1753	7871,21
1754	7871,21
1755	7864,07
1756	7864,07
1757	7864,07
1758	7864,07
1759	7864,07
1760	7864,07
1761	7859,38
1762	7859,38
1763	7845,20
1764	7845,20
1765	7845,20
1766	7858,85
1767	7858,85
1768	7858,85
1769	7858,85
1770	7899,88
1771	7899,88
1772	7899,88
1773	7899,88
1774	7899,88
1775	7899,88
1776	7899,88
1777	7899,88
1778	7899,88
1779	7899,88
1780	7899,88
1781	7899,88
1782	7899,88
1783	7899,88
1784	7899,88
1785	7897,65
1786	7868,52
1787	7868,52
1788	7868,52
1789	7868,52
1790	7868,52
1791	7868,52
1792	7868,52
1793	7868,52
1794	7868,52
1795	7868,52
1796	7868,52
1797	7868,52
1798	7868,52
1799	7868,52
1800	7868,52
1801	7868,52
1802	7878,88
1803	7878,88
1804	7878,88
1805	7852,98
1806	7852,98
1807	7852,98
1808	7852,98
1809	7852,98
1810	7852,98
1811	7852,98
1812	7852,98
1813	7852,98
1814	7852,98
1815	7848,52
1816	7848,52
1817	7848,52
1818	7848,52
1819	7848,52
1820	7848,52
1821	7848,52
1822	7858,88
1823	7858,88
1824	7858,88
1825	7858,88
1826	7858,88
1827	7858,88
1828	7858,88
1829	7858,88
1830	7858,88
1831	7858,88
1832	7827,08
1833	7827,08
1834	7827,08
1835	7827,08
1836	7827,08
1837	7827,08
1838	7827,08
1839	7827,08
1840	7827,08
1841	7827,08
1842	7827,08
1843	7827,08
1844	7824,85
1845	7824,85
1846	7776,09
1847	7776,09
1848	7776,09
1849	7776,09
1850	7776,09
1851	7776,09
1852	7776,09
1853	7775,22
1854	7775,22
1855	7775,22
1856	7775,22
1857	7775,22
1858	7775,22
1859	7775,22
1860	7775,22
1861	7775,22
1862	7762,59
1863	7762,59
1864	7762,59
1865	7762,59
1866	7762,59
1867	7762,59
1868	7762,59
1869	7762,59
1870	7762,59
1871	7762,59
1872	7762,59
1873	7762,59
1874	7762,59
1875	7762,59
1876	7762,59
1877	7762,59
1878	7760,36
1879	7760,36
1880	7760,36
1881	7760,36
1882	7760,36
1883	7772,95
1884	7772,95
1885	7772,95
1886	7772,95
1887	7772,95
1888	7772,95
1889	7772,95
1890	7772,95
1891	7772,95
1892	7772,95
1893	7772,95
1894	7772,95
1895	7772,95
1896	7772,95
1897	7772,95
1898	7771,17
1899	7771,17
1900	7771,17
1901	7771,17
1902	7771,17
1903	7771,17
1904	7771,17
1905	7771,17
1906	7771,17
1907	7778,42
1908	7778,42
1909	7778,42
1910	7778,42
1911	7778,42
1912	7778,42
1913	7778,42
1914	7778,42
1915	7778,42
1916	7778,42
1917	7778,42
1918	7778,42
1919	7778,42
1920	7778,42
1921	7778,42
1922	7778,42
1923	7778,42
1924	7769,77
1925	7769,77
1926	7769,77
1927	7769,77
1928	7769,77
1929	7769,77
1930	7769,77
1931	7769,77
1932	7769,77
1933	7769,77
1934	7767,25
1935	7767,25
1936	7767,25
1937	7769,01
1938	7769,01
1939	7769,01
1940	7769,01
1941	7769,01
1942	7769,01
1943	7769,01
1944	7769,01
1945	7769,01
1946	7769,01
1947	7769,01
1948	7760,73
1949	7760,73
1950	7729,01
1951	7729,01
1952	7729,01
1953	7729,01
1954	7729,01
1955	7729,01
1956	7729,01
1957	7729,01
1958	7729,01
1959	7729,01
1960	7729,01
1961	7729,01
1962	7729,01
1963	7723,15
1964	7723,15
1965	7723,15
1966	7723,15
1967	7723,15
1968	7717,83
1969	7717,83
1970	7717,83
1971	7717,83
1972	7717,83
1973	7717,83
1974	7717,83
1975	7708,64
1976	7708,64
1977	7708,64
1978	7708,64
1979	7708,64
1980	7723,87
1981	7723,87
1982	7723,87
1983	7723,87
1984	7723,87
1985	7723,87
1986	7723,87
1987	7723,87
1988	7723,87
1989	7723,87
1990	7723,87
1991	7723,87
1992	7723,87
1993	7723,87
1994	7723,87
1995	7723,87
1996	7723,87
1997	7723,87
1998	7723,87
1999	7723,87
2000	7723,87
2001	7723,87
2002	7723,87
2003	7680,67
2004	7680,67
2005	7680,67
2006	7680,67
2007	7680,67
2008	7680,67
2009	7680,67
2010	7680,67
2011	7680,67
2012	7680,67
2013	7680,67
2014	7697,95
2015	7697,95
2016	7697,95
2017	7697,95
2018	7697,95
2019	7697,95
2020	7697,95
2021	7697,95
2022	7697,95
2023	7697,95
2024	7697,95
2025	7697,95
2026	7697,95
2027	7697,95
2028	7697,95
2029	7697,95
2030	7697,95
2031	7697,95
2032	7688,75
2033	7688,75
2034	7679,76
2035	7679,76
2036	7679,76
2037	7679,76
2038	7679,76
2039	7679,76
2040	7679,76
2041	7679,76
2042	7679,76
2043	7679,76
2044	7679,76
2045	7679,76
2046	7675,47
2047	7675,47
2048	7675,47
2049	7667,28
2050	7667,28
2051	7667,28
2052	7667,28
2053	7667,28
2054	7661,88
2055	7661,88
2056	7661,88
2057	7661,88
2058	7661,88
2059	7661,88
2060	7661,88
2061	7661,88
2062	7661,88
2063	7661,88
2064	7661,88
2065	7661,88
2066	7661,88
2067	7649,52
2068	7649,52
2069	7649,52
2070	7649,52
2071	7649,52
2072	7649,52
2073	7649,52
2074	7649,52
2075	7649,52
2076	7649,52
2077	7649,52
2078	7643,95
2079	7643,95
2080	7643,95
2081	7643,95
2082	7643,95
2083	7643,95
2084	7643,95
2085	7643,95
2086	7643,95
2087	7643,95
2088	7643,95
2089	7643,95
2090	7643,95
2091	7635,67
2092	7635,67
2093	7635,67
2094	7635,67
2095	7755,85
2096	7755,85
2097	7755,85
2098	7755,85
2099	7755,85
2100	7755,85
2101	7755,85
2102	7755,85
2103	7755,85
2104	7755,85
2105	7755,85
2106	7755,85
2107	7755,85
2108	7755,85
2109	7755,85
2110	7755,85
2111	7755,85
2112	7755,85
2113	7755,85
2114	7755,85
2115	7755,85
2116	7755,85
2117	7755,85
2118	7755,85
2119	7755,85
2120	7755,85
2121	7755,85
2122	7755,85
2123	7755,85
2124	7755,85
2125	7755,85
2126	7749,99
2127	7747,77
2128	7747,77
2129	7747,77
2130	7747,77
2131	7747,77
2132	7747,77
2133	7747,77
2134	7747,77
2135	7747,77
2136	7747,77
2137	7747,77
2138	7747,77
2139	7747,77
2140	7747,77
2141	7744,62
2142	7744,62
2143	7755,28
2144	7755,28
2145	7743,49
2146	7743,49
2147	7743,49
2148	7743,49
2149	7743,49
2150	7743,49
2151	7743,49
2152	7743,49
2153	7743,49
2154	7743,49
2155	7743,49
2156	7743,49
2157	7743,49
2158	7743,49
2159	7743,49
2160	7743,49
2161	7743,49
2162	7743,49
2163	7743,49
2164	7743,49
2165	7743,49
2166	7743,49
2167	7743,49
2168	7743,49
2169	7686,01
2170	7686,01
2171	7686,01
2172	7686,01
2173	7686,01
2174	7686,01
2175	7686,01
2176	7686,01
2177	7686,01
2178	7686,01
2179	7686,01
2180	7686,01
2181	7686,01
2182	7686,01
2183	7686,01
2184	7686,01
2185	7686,01
2186	7686,01
2187	7686,01
2188	7785,49
2189	7785,49
2190	7785,49
2191	7785,49
2192	7785,49
2193	7785,49
2194	7785,49
2195	7785,49
2196	7785,49
2197	7855,38
2198	7855,38
2199	7855,38
2200	7855,38
2201	7855,38
2202	7855,38
2203	7855,38
2204	7855,38
2205	7855,38
2206	7855,38
2207	7855,14
2208	7855,14
2209	7820,89
2210	7820,89
2211	7820,89
2212	7820,89
2213	7820,89
2214	7820,89
2215	7820,89
2216	7820,89
2217	7820,89
2218	7820,89
2219	7820,89
2220	7820,89
2221	7820,89
2222	7820,89
2223	7820,89
2224	7820,89
2225	7820,89
2226	7808,53
2227	7808,53
2228	7808,53
2229	7808,53
2230	7808,53
2231	7808,53
2232	7808,53
2233	7808,53
2234	7808,53
2235	7808,53
2236	7808,53
2237	7808,53
2238	7808,53
2239	7808,53
2240	7808,53
2241	7808,53
2242	7808,53
2243	7802,67
2244	7802,67
2245	7802,67
2246	7802,67
2247	7802,67
2248	7802,67
2249	7802,67
2250	7798,48
2251	7798,48
2252	7798,48
2253	7798,48
2254	7606,97
2255	7606,97
2256	7606,97
2257	7606,97
2258	7606,97
2259	7606,97
2260	7606,97
2261	7606,97
2262	7606,97
2263	7606,97
2264	7606,97
2265	7606,97
2266	7606,97
2267	7606,97
2268	7606,97
2269	7606,97
2270	7606,97
2271	7606,97
2272	7606,97
2273	7606,97
2274	7606,97
2275	7606,97
2276	7606,97
2277	7606,97
2278	7606,97
2279	7606,97
2280	7606,97
2281	7606,97
2282	7606,97
2283	7606,97
2284	7606,97
2285	7605,92
2286	7605,92
2287	7605,92
2288	7601,11
2289	7601,11
2290	7601,11
2291	7601,11
2292	7601,11
2293	7601,11
2294	7601,11
2295	7601,11
2296	7601,11
2297	7601,11
2298	7601,11
2299	7594,61
2300	7594,61
2301	7594,61
2302	7594,61
2303	7594,61
2304	7594,61
2305	7594,61
2306	7594,61
2307	7594,61
2308	7594,61
2309	7594,61
2310	7594,61
2311	7594,61
2312	7594,61
2313	7564,13
2314	7564,13
2315	7564,13
2316	7564,13
2317	7564,13
2318	7564,13
2319	7564,13
2320	7564,13
2321	7564,13
2322	7562,34
2323	7562,34
2324	7562,34
2325	7562,34
2326	7562,34
2327	7562,34
2328	7518,07
2329	7518,07
2330	7518,07
2331	7518,07
2332	7559,40
2333	7559,40
2334	7559,40
2335	7559,40
2336	7559,40
2337	7559,40
2338	7559,40
2339	7559,40
2340	7559,40
2341	7559,40
2342	7559,40
2343	7559,40
2344	7559,40
2345	7545,12
2346	7545,12
2347	7545,12
2348	7545,12
2349	7545,12
2350	7545,12
2351	7545,12
2352	7545,12
2353	7545,12
2354	7545,12
2355	7545,12
2356	7545,12
2357	7545,12
2358	7545,12
2359	7545,12
2360	7545,12
2361	7545,12
2362	7545,12
2363	7545,12
2364	7545,12
2365	7545,12
2366	7545,12
2367	7544,75
2368	7544,75
2369	7544,75
2370	7538,20
2371	7538,20
2372	7538,20
2373	7535,92
2374	7535,92
2375	7535,92
2376	7558,44
2377	7558,44
2378	7558,44
2379	7558,44
2380	7558,44
2381	7558,44
2382	7558,44
2383	7558,44
2384	7558,44
2385	7558,44
2386	7558,44
2387	7558,44
2388	7558,44
2389	7558,44
2390	7558,44
2391	7558,44
2392	7558,44
2393	7558,44
2394	7558,44
2395	7558,44
2396	7540,96
2397	7540,96
2398	7540,96
2399	7540,96
2400	7540,96
2401	7540,96
2402	7540,96
2403	7540,96
2404	7540,96
2405	7540,96
2406	7540,96
2407	7540,96
2408	7540,96
2409	7540,96
2410	7540,96
2411	7540,96
2412	7540,96
2413	7540,96
2414	7540,96
2415	7540,96
2416	7540,96
2417	7540,96
2418	7540,96
2419	7540,96
2420	7527,05
2421	7527,05
2422	7527,05
2423	7527,05
2424	7518,44
2425	7518,44
2426	7518,44
2427	7516,16
2428	7516,16
2429	7516,16
2430	7516,16
2431	7516,16
2432	7516,16
2433	7516,16
2434	7516,16
2435	7516,16
2436	7516,16
2437	7508,01
2438	7508,01
2439	7508,01
2440	7534,57
2441	7534,57
2442	7534,57
2443	7534,57
2444	7534,57
2445	7534,57
2446	7534,57
2447	7534,57
2448	7534,57
2449	7534,57
2450	7534,57
2451	7534,57
2452	7534,57
2453	7525,37
2454	7528,71
2455	7528,71
2456	7528,71
2457	7528,71
2458	7528,71
2459	7528,71
2460	7528,71
2461	7528,71
2462	7528,71
2463	7528,71
2464	7528,71
2465	7528,71
2466	7528,71
2467	7528,71
2468	7482,65
2469	7482,65
2470	7482,65
2471	7482,65
2472	7482,65
2473	7482,65
2474	7482,65
2475	7482,65
2476	7482,65
2477	7482,65
2478	7482,65
2479	7480,36
2480	7480,36
2481	7480,36
2482	7480,36
2483	7480,36
2484	7480,36
2485	7480,36
2486	7480,36
2487	7480,36
2488	7480,36
2489	7469,56
2490	7469,56
2491	7469,56
2492	7469,56
2493	7469,56
2494	7469,56
2495	7469,56
2496	7469,56
2497	7469,56
2498	7469,56
2499	7469,56
2500	7469,56
2501	7469,56
2502	7469,56
2503	7469,56
2504	7469,56
2505	7469,56
2506	7469,56
2507	7469,56
2508	7469,56
2509	7469,56
2510	7469,56
2511	7469,56
2512	7469,56
2513	7469,56
2514	7469,56
2515	7449,56
2516	7449,56
2517	7449,56
2518	7449,56
2519	7449,56
2520	7449,56
2521	7449,56
2522	7449,56
2523	7449,56
2524	7449,56
2525	7449,56
2526	7449,56
2527	7449,56
2528	7449,56
2529	7449,56
2530	7449,56
2531	7440,11
2532	7440,11
2533	7439,06
2534	7439,06
2535	7439,06
2536	7439,06
2537	7439,06
2538	7439,06
2539	7439,06
2540	7439,06
2541	7432,56
2542	7432,56
2543	7432,56
2544	7432,56
2545	7432,56
2546	7432,56
2547	7432,56
2548	7432,56
2549	7432,56
2550	7432,56
2551	7432,56
2552	7432,56
2553	7432,56
2554	7432,56
2555	7432,56
2556	7432,56
2557	7432,56
2558	7432,56
2559	7432,56
2560	7432,36
2561	7432,36
2562	7432,36
2563	7432,36
2564	7432,36
2565	7432,36
2566	7432,36
2567	7432,36
2568	7432,36
2569	7432,36
2570	7422,31
2571	7422,31
2572	7422,31
2573	7422,31
2574	7422,31
2575	7422,31
2576	7422,31
2577	7422,31
2578	7410,69
2579	7410,69
2580	7410,69
2581	7410,69
2582	7410,69
2583	7410,69
2584	7410,69
2585	7410,69
2586	7410,69
2587	7410,69
2588	7410,69
2589	7410,69
2590	7410,30
2591	7410,30
2592	7410,30
2593	7410,30
2594	7410,30
2595	7410,30
2596	7410,30
2597	7410,30
2598	7410,30
2599	7410,30
2600	7410,30
2601	7410,30
2602	7410,30
2603	7410,30
2604	7410,30
2605	7410,30
2606	7410,30
2607	7410,30
2608	7410,30
2609	7410,30
2610	7410,30
2611	7410,30
2612	7410,30
2613	7408,07
2614	7408,07
2615	7408,07
2616	7408,07
2617	7408,07
2618	7408,07
2619	7403,79
2620	7403,79
2621	7403,79
2622	7403,79
2623	7403,79
2624	7373,86
2625	7373,86
2626	7373,86
2627	7373,12
2628	7373,12
2629	7373,12
2630	7373,12
2631	7373,12
2632	7373,12
2633	7373,12
2634	7373,12
2635	7373,12
2636	7373,12
2637	7373,12
2638	7373,12
2639	7373,12
2640	7373,12
2641	7372,49
2642	7372,49
2643	7372,49
2644	7372,49
2645	7372,08
2646	7372,08
2647	7372,08
2648	7372,08
2649	7367,12
2650	7363,96
2651	7354,27
2652	7354,27
2653	7354,27
2654	7354,27
2655	7354,27
2656	7354,27
2657	7354,27
2658	7354,27
2659	7354,27
2660	7354,27
2661	7354,27
2662	7354,27
2663	7354,27
2664	7354,27
2665	7354,27
2666	7354,27
2667	7348,41
2668	7348,41
2669	7348,41
2670	7348,41
2671	7348,41
2672	7348,41
2673	7348,41
2674	7348,41
2675	7348,41
2676	7348,41
2677	7348,41
2678	7348,41
2679	7348,41
2680	7348,41
2681	7348,41
2682	7348,41
2683	7348,41
2684	7348,41
2685	7348,41
2686	7348,41
2687	7348,41
2688	7348,41
2689	7302,56
2690	7302,56
2691	7302,56
2692	7302,56
2693	7302,56
2694	7302,56
2695	7302,56
2696	7302,56
2697	7302,56
2698	7302,56
2699	7302,56
2700	7302,56
2701	7302,56
2702	7302,56
2703	7291,57
2704	7291,57
2705	7291,57
2706	7291,57
2707	7291,57
2708	7291,57
2709	7291,57
2710	7291,57
2711	7291,57
2712	7291,57
2713	7291,57
2714	7291,57
2715	7291,57
2716	7291,57
2717	7291,57
2718	7291,57
2719	7291,57
2720	7481,04
2721	7481,04
2722	7481,04
2723	7481,04
2724	7481,04
2725	7481,04
2726	7481,04
2727	7481,04
2728	7481,04
2729	7481,04
2730	7481,04
2731	7481,04
2732	7481,04
2733	7481,04
2734	7481,04
2735	7481,04
2736	7478,81
2737	7478,81
2738	7478,81
2739	7478,81
2740	7478,81
2741	7478,81
2742	7478,81
2743	7478,81
2744	7478,81
2745	7478,81
2746	7478,81
2747	7478,81
2748	7478,81
2749	7478,81
2750	7478,81
2751	7458,81
2752	7458,81
2753	7458,81
2754	7458,81
2755	7458,81
2756	7458,81
2757	7458,81
2758	7458,81
2759	7492,95
2760	7492,95
2761	7492,95
2762	7492,95
2763	7492,95
2764	7492,95
2765	7492,95
2766	7492,95
2767	7492,95
2768	7472,95
2769	7472,95
2770	7472,95
2771	7472,95
2772	7472,95
2773	7472,95
2774	7472,95
2775	7472,95
2776	7472,95
2777	7472,95
2778	7472,95
2779	7472,95
2780	7472,95
2781	7472,95
2782	7437,27
2783	7437,27
2784	7437,27
2785	7437,27
2786	7437,27
2787	7437,27
2788	7437,27
2789	7437,27
2790	7437,27
2791	7437,27
2792	7437,27
2793	7490,00
2794	7490,00
2795	7490,00
2796	7490,00
2797	7490,00
2798	7490,00
2799	7490,00
2800	7490,00
2801	7490,00
2802	7490,00
2803	7490,00
2804	7490,00
2805	7490,00
2806	7490,00
2807	7490,00
2808	7490,00
2809	7454,31
2810	7454,31
2811	7454,31
2812	7397,44
2813	7397,44
2814	7397,44
2815	7397,44
2816	7397,44
2817	7397,44
2818	7397,44
2819	7412,23
2820	7412,23
2821	7412,23
2822	7412,23
2823	7412,23
2824	7412,23
2825	7412,23
2826	7412,23
2827	7412,23
2828	7412,23
2829	7412,23
2830	7412,23
2831	7412,23
2832	7412,23
2833	7412,23
2834	7412,23
2835	7412,23
2836	7412,23
2837	7412,23
2838	7412,23
2839	7412,23
2840	7412,23
2841	7412,23
2842	7412,23
2843	7412,23
2844	7411,30
2845	7411,30
2846	7411,30
2847	7411,30
2848	7411,30
2849	7411,30
2850	7411,30
2851	7411,30
2852	7409,38
2853	7409,38
2854	7409,38
2855	7409,38
2856	7466,61
2857	7466,61
2858	7466,61
2859	7466,61
2860	7466,61
2861	7466,61
2862	7466,61
2863	7394,73
2864	7394,73
2865	7394,73
2866	7394,73
2867	7394,73
2868	7394,73
2869	7394,73
2870	7394,73
2871	7394,73
2872	7452,92
2873	7452,92
2874	7452,92
2875	7452,92
2876	7452,92
2877	7452,92
2878	7452,92
2879	7452,92
