0	7960,63
1	6872,37
2	5875,62
3	4856,19
4	4679,46
5	3912,96
6	3747,27
7	3747,27
8	3747,27
9	3747,27
10	3675,97
11	3720,77
12	3706,43
13	3706,43
14	3664,09
15	3677,10
16	3662,96
17	3663,41
18	3591,28
19	3591,28
20	3591,28
21	3552,77
22	3550,00
23	3550,00
24	3550,00
25	3515,38
26	3515,38
27	3515,38
28	3499,50
29	3533,00
30	3533,00
31	3507,89
32	3440,18
33	3524,51
34	3473,87
35	3486,69
36	3486,69
37	3490,54
38	3490,54
39	3490,54
40	3483,54
41	3483,54
42	3450,95
43	3450,95
44	3477,14
45	3477,14
46	3412,27
47	3412,27
48	3412,27
49	3412,27
50	3412,27
51	3374,25
52	3394,26
53	3340,92
54	3340,92
55	3340,92
56	3289,56
57	3272,08
58	3272,08
59	3265,58
60	3259,49
61	3215,70
62	3187,47
63	3148,35
64	3147,47
65	3147,47
66	3147,47
67	3122,10
68	3112,16
69	3096,15
70	3096,15
71	3096,15
72	3061,50
73	3040,88
74	3040,88
75	3040,88
76	3040,88
77	3009,55
78	3009,55
79	2990,79
80	2990,79
81	2990,79
82	2990,79
83	2980,20
84	2965,41
85	2965,41
86	2939,55
87	2939,55
88	2939,55
89	2937,85
90	2937,85
91	2937,85
92	2912,88
93	2888,10
94	2888,10
95	2867,54
96	2867,54
97	2865,76
98	2797,87
99	2757,23
100	2757,23
101	2757,23
102	2757,23
103	2731,37
104	2731,37
105	2731,37
106	2731,37
107	2731,37
108	2731,37
109	2731,37
110	2731,37
111	2731,37
112	2731,37
113	2731,37
114	2731,37
115	2731,37
116	2731,37
117	2731,37
118	2731,37
119	2731,37
120	2731,37
121	2731,37
122	2731,37
123	2731,37
124	2731,37
125	2731,37
126	2731,37
127	2731,37
128	2731,37
129	2731,37
130	2731,37
131	2731,37
132	2731,37
133	2731,37
134	2731,37
135	2731,37
136	2731,37
137	2731,37
138	2731,37
139	2731,37
140	2731,37
141	2731,37
142	2731,37
143	2731,37
144	2731,37
145	2731,37
146	2731,37
147	2731,37
148	2731,37
149	2731,37
150	2731,37
151	2731,37
152	2731,37
153	2731,37
154	2731,37
155	2731,37
156	2731,37
157	2731,37
158	2731,37
159	2731,37
160	2731,37
161	2731,37
162	2731,37
163	2731,37
164	2731,37
165	2731,37
166	2731,37
167	2731,37
168	2731,37
169	2731,37
170	2731,37
171	2731,37
172	2731,37
173	2731,37
174	2731,37
175	2731,37
176	2731,37
177	2731,37
178	2731,37
179	2731,37
180	2731,37
181	2731,37
182	2731,37
183	2731,37
184	2731,37
185	2731,37
186	2731,37
187	2731,37
188	2731,37
189	2731,37
190	2731,37
191	2731,37
192	2731,37
193	2731,37
194	2731,37
195	2731,37
196	2731,37
197	2731,37
198	2731,37
199	2731,37
200	2731,37
201	2731,37
202	2731,37
203	2731,37
204	2731,37
205	2731,37
206	2731,37
207	2731,37
208	2731,37
209	2731,37
210	2731,37
211	2731,37
212	2731,37
213	2731,37
214	2731,37
215	2731,37
216	2731,37
217	2731,37
218	2731,37
219	2731,37
220	2731,37
221	2731,37
222	2731,37
223	2731,37
224	2731,37
225	2731,37
226	2731,37
227	2731,37
228	2731,37
229	2731,37
230	2731,37
231	2731,37
232	2731,37
233	2731,37
234	2731,37
235	2731,37
236	2731,37
237	2731,37
238	2731,37
239	2731,37
240	2731,37
241	2731,37
242	2731,37
243	2731,37
244	2731,37
245	2731,37
246	2731,37
247	2731,37
248	2731,37
249	2731,37
250	2731,37
251	2731,37
252	2731,37
253	2731,37
254	2731,37
255	2731,37
256	2731,37
257	2731,37
258	2731,37
259	2731,37
260	2731,37
261	2731,37
262	2731,37
263	2731,37
264	2731,37
265	2731,37
266	2731,37
267	2731,37
268	2731,37
269	2731,37
270	2731,37
271	2731,37
272	2731,37
273	2731,37
274	2731,37
275	2731,37
276	2731,37
277	2731,37
278	2731,37
279	2731,37
280	2731,37
281	2731,37
282	2731,37
283	2731,37
284	2731,37
285	2731,37
286	2731,37
287	2731,37
288	2731,37
289	2731,37
290	2731,37
291	2731,37
292	2731,37
293	2731,37
294	2731,37
295	2731,37
296	2731,37
297	2731,37
298	2731,37
299	2731,37
300	2731,37
301	2731,37
302	2731,37
303	2731,37
304	2731,37
305	2731,37
306	2731,37
307	2731,37
308	2731,37
309	2731,37
310	2731,37
311	2731,37
312	2731,37
313	2731,37
314	2731,37
315	2731,37
316	2731,37
317	2731,37
318	2731,37
319	2731,37
320	2731,37
321	2731,37
322	2731,37
323	2731,37
324	2731,37
325	2731,37
326	2731,37
327	2731,37
328	2731,37
329	2731,37
330	2731,37
331	2731,37
332	2731,37
333	2731,37
334	2731,37
335	2731,37
336	2731,37
337	2731,37
338	2731,37
339	2731,37
340	2731,37
341	2731,37
342	2731,37
343	2731,37
344	2731,37
345	2731,37
346	2731,37
347	2731,37
348	2731,37
349	2731,37
350	2731,37
351	2731,37
352	2731,37
353	2731,37
354	2731,37
355	2731,37
356	2731,37
357	2731,37
358	2731,37
359	2731,37
360	2731,37
361	2731,37
362	2731,37
363	2731,37
364	2731,37
365	2731,37
366	2731,37
367	2731,37
368	2731,37
369	2731,37
370	2731,37
371	2731,37
372	2731,37
373	2731,37
374	2731,37
375	2731,37
376	2731,37
377	2731,37
378	2731,37
379	2731,37
380	2731,37
381	2731,37
382	2731,37
383	2731,37
384	2731,37
385	2731,37
386	2731,37
387	2731,37
388	2731,37
389	2731,37
390	2731,37
391	2731,37
392	2731,37
393	2731,37
394	2731,37
395	2731,37
396	2731,37
397	2731,37
398	2731,37
399	2731,37
400	2731,37
401	2731,37
402	2731,37
403	2731,37
404	2731,37
405	2731,37
406	2731,37
407	2731,37
408	2731,37
409	2731,37
410	2731,37
411	2731,37
412	2731,37
413	2731,37
414	2731,37
415	2731,37
416	2731,37
417	2731,37
418	2731,37
419	2731,37
420	2731,37
421	2731,37
422	2731,37
423	2731,37
424	2731,37
425	2731,37
426	2731,37
427	2731,37
428	2731,37
429	2731,37
430	2731,37
431	2731,37
432	2731,37
433	2731,37
434	2731,37
435	2731,37
436	2731,37
437	2731,37
438	2731,37
439	2731,37
440	2731,37
441	2731,37
442	2731,37
443	2731,37
444	2731,37
445	2731,37
446	2731,37
447	2731,37
448	2731,37
449	2731,37
450	2731,37
451	2731,37
452	2731,37
453	2731,37
454	2731,37
455	2731,37
456	2731,37
457	2731,37
458	2731,37
459	2731,37
460	2731,37
461	2731,37
462	2731,37
463	2731,37
464	2731,37
465	2731,37
466	2731,37
467	2731,37
468	2731,37
469	2731,37
470	2731,37
471	2731,37
472	2731,37
473	2731,37
474	2731,37
475	2731,37
476	2731,37
477	2731,37
478	2731,37
479	2731,37
480	2731,37
481	2731,37
