0	14880.40
1	12717.84
2	9668.70
3	8238.84
4	7969.97
5	8165.50
6	7991.74
7	7991.74
8	7991.74
9	7967.75
10	7967.75
11	7967.75
12	7853.01
13	7853.01
14	7742.50
15	7875.35
16	7812.29
17	7702.32
18	7815.62
19	7815.62
20	7754.13
21	7754.13
22	7460.46
23	7460.46
24	7385.40
25	7385.40
26	7385.40
27	7385.40
28	7287.26
29	7287.26
30	7287.26
31	7252.81
32	7252.81
33	7174.01
34	7054.18
35	7054.18
36	7213.71
37	6915.27
38	6915.27
39	6915.27
40	6860.18
41	6816.23
42	6816.23
43	6816.23
44	6748.04
45	6704.44
46	6704.44
47	6679.89
48	6664.89
49	6623.27
50	6623.27
51	6623.27
52	6585.05
53	6585.05
54	6585.05
55	6546.79
56	6534.29
57	6534.29
58	6534.29
59	6534.29
60	6453.05
61	6453.05
62	6414.79
63	6414.79
64	6414.79
65	6408.29
66	6354.75
67	6333.39
68	6328.84
69	6325.36
70	6325.36
71	6325.36
72	6316.88
73	6316.88
74	6343.52
75	6343.52
76	6343.52
77	6343.52
78	6343.52
79	6323.06
80	6323.06
81	6323.06
82	6309.91
83	6309.23
84	6305.01
85	6305.01
86	6295.03
87	6295.03
88	6279.38
89	6242.05
90	6242.05
91	6242.05
92	6242.05
93	6242.05
94	6242.05
95	6242.05
96	6242.05
