0	1123,64
1	1155,26
2	1242,78
3	1242,78
4	1242,78
5	1262,69
6	1262,69
7	1312,03
8	1180,43
9	1099,59
10	1198,67
11	1198,67
12	1445,51
13	1445,51
14	1449,82
15	1506,09
16	1393,33
17	1314,89
18	1314,89
19	1314,89
20	1315,16
21	1315,16
22	1315,16
23	1315,16
24	1309,43
25	1265,34
26	1265,34
27	1165,99
28	1165,99
29	1165,99
30	1165,99
31	1165,99
32	1165,99
33	1165,99
34	1165,99
35	1165,99
36	1165,99
37	1157,31
38	1146,77
39	1146,77
40	1146,77
41	1146,77
42	1138,10
43	1127,13
44	1122,53
45	1122,53
46	1085,57
47	1083,98
48	1032,19
49	1032,19
50	1032,19
51	1031,42
52	1031,42
53	1031,42
54	1003,51
55	995,28
56	995,28
57	995,28
58	995,28
59	995,28
60	989,69
61	989,69
62	989,69
63	989,69
64	989,69
65	989,69
66	989,69
67	989,69
68	989,69
69	982,97
70	982,97
71	982,97
72	982,97
73	982,97
74	973,24
75	973,24
76	973,24
77	973,24
78	973,24
79	973,24
80	973,24
81	973,24
82	971,28
83	971,28
84	971,28
85	971,28
86	969,25
87	969,25
88	969,25
89	969,25
90	969,25
91	969,25
92	968,25
93	968,25
94	968,25
95	968,25
96	968,25
97	968,25
98	968,25
99	968,25
100	968,25
101	968,25
102	968,25
103	958,02
104	958,02
105	958,02
106	958,02
107	958,02
108	947,16
109	947,16
110	941,38
111	941,38
112	941,38
113	941,38
114	941,38
115	941,38
116	941,38
117	941,38
118	941,38
119	935,60
120	935,60
121	935,60
122	935,60
123	935,60
124	935,60
125	935,60
126	935,60
127	935,60
128	935,60
129	935,60
130	935,60
131	935,60
132	935,60
133	935,60
134	935,60
135	931,11
136	931,11
137	931,11
138	931,11
139	930,03
140	930,03
141	930,03
142	930,03
143	930,03
144	928,71
145	921,62
146	921,62
147	921,62
148	921,62
149	921,62
150	921,62
151	921,62
152	903,10
153	903,10
154	903,10
155	903,10
156	903,10
157	903,10
158	903,10
159	903,10
160	903,10
161	903,10
162	903,10
163	903,10
164	903,10
165	902,23
166	902,23
167	902,23
168	902,23
169	882,89
170	882,89
171	882,89
172	882,89
173	882,89
174	882,89
175	882,89
176	882,89
177	882,89
178	882,89
179	882,89
180	882,89
181	882,89
182	882,89
183	882,25
184	882,25
185	882,25
186	882,25
187	881,50
188	881,50
189	881,50
190	881,50
191	881,50
192	881,50
193	881,50
194	881,50
195	881,50
196	881,50
197	881,50
198	881,50
199	880,86
200	880,86
201	880,86
202	880,86
203	872,97
204	872,97
205	872,97
206	872,97
207	872,97
208	872,97
209	872,97
210	872,97
211	872,97
212	872,97
213	872,97
214	870,40
215	870,40
216	870,40
217	855,64
218	855,64
219	855,64
220	855,64
221	855,64
222	855,64
223	855,64
224	855,64
225	855,64
226	855,64
227	855,64
228	855,64
229	855,64
230	855,64
231	855,64
232	855,64
233	855,64
234	855,64
235	855,64
236	849,68
237	849,68
238	849,68
239	849,68
240	849,68
241	849,68
242	849,68
243	849,68
244	848,09
245	848,09
246	845,56
247	845,56
248	845,56
249	845,56
250	845,56
251	845,56
252	845,56
253	845,56
254	841,41
255	841,41
256	841,41
257	841,41
258	837,88
259	837,88
260	837,88
261	837,88
262	837,88
263	837,88
264	837,88
265	836,52
266	836,52
267	836,52
268	836,52
269	836,52
270	836,52
271	836,52
272	836,52
273	821,62
274	821,62
275	821,62
276	821,62
277	821,62
278	821,62
279	821,62
280	821,62
281	821,62
282	821,62
283	797,95
284	797,95
285	797,95
286	797,95
287	797,95
288	797,95
289	796,59
290	796,59
291	796,59
292	796,59
293	796,59
294	796,59
295	796,59
296	796,59
297	796,59
298	796,59
299	796,59
300	793,98
301	793,98
302	793,98
303	793,98
304	793,98
305	793,98
306	793,98
307	793,98
308	793,98
309	793,98
310	793,98
311	793,98
312	793,98
313	793,98
314	793,98
315	793,98
316	793,98
317	793,98
318	792,75
319	789,57
320	789,57
321	789,57
322	789,57
323	789,57
324	789,57
325	783,67
326	783,67
327	783,67
328	778,21
329	778,21
330	776,10
331	776,10
332	776,10
333	771,14
334	771,14
335	771,14
336	771,14
337	771,14
338	771,14
339	769,03
340	769,03
341	769,03
342	769,03
343	765,02
344	765,02
345	762,71
346	762,71
347	762,71
348	762,71
349	762,71
350	762,71
351	762,71
352	762,71
353	762,71
354	762,71
355	762,71
356	762,71
357	762,71
358	762,71
359	762,71
360	762,71
361	762,71
362	761,65
363	761,65
364	761,65
365	761,65
366	761,65
367	761,65
368	756,55
369	756,55
370	756,55
371	756,55
372	746,75
