0	2375,28
1	2076,90
2	1927,81
3	1682,24
4	1682,24
5	1676,19
6	1586,66
7	1586,66
8	1552,47
9	1491,78
10	1482,74
11	1390,77
12	1360,37
13	1272,91
14	1263,32
15	1263,32
16	1263,32
17	1202,97
18	1198,06
19	1179,26
20	1179,26
21	1106,86
22	1106,86
23	1091,83
24	1072,94
25	1049,15
26	1049,15
27	1030,86
28	1030,74
29	1030,74
30	988,67
31	988,67
32	976,23
33	976,23
34	976,23
35	968,64
36	962,80
37	962,80
38	945,51
39	940,40
40	890,33
41	886,73
42	886,73
43	886,73
44	886,73
45	886,73
46	886,73
47	882,71
48	881,09
49	881,09
50	881,09
51	877,75
52	877,75
53	877,75
54	874,72
55	872,72
56	872,72
57	872,72
58	872,72
59	872,72
60	872,72
61	872,72
62	872,72
63	872,72
64	872,72
65	872,72
66	872,72
67	867,60
68	867,60
69	867,60
70	864,18
71	864,18
72	864,18
73	864,18
74	860,67
75	860,67
76	860,67
77	860,20
78	854,62
79	854,62
80	854,62
81	854,62
82	854,62
83	854,62
84	854,62
85	854,62
86	854,62
87	854,62
88	854,62
89	854,62
90	852,29
91	852,29
92	852,29
93	852,29
94	852,29
95	852,29
96	852,29
97	852,29
98	852,29
99	852,29
100	852,29
101	851,18
102	849,27
103	849,27
104	849,27
105	849,27
106	849,27
107	849,27
108	849,27
109	849,27
110	836,02
111	836,02
112	836,02
113	836,02
114	836,02
115	836,02
116	836,02
117	836,02
118	834,55
