0	1932,31
1	1875,82
2	1862,88
3	1862,88
4	1859,29
5	1767,54
6	1765,83
7	1706,28
8	1706,28
9	1640,05
10	1640,05
11	1581,11
12	1581,11
13	1578,24
14	1578,24
15	1534,67
16	1534,67
17	1534,67
18	1495,20
19	1495,20
20	1494,48
21	1494,48
22	1431,35
23	1431,35
24	1431,35
25	1431,35
26	1390,98
27	1390,98
28	1375,22
29	1375,22
30	1342,39
31	1342,39
32	1337,33
33	1311,22
34	1311,22
35	1311,22
36	1310,81
37	1293,74
38	1293,74
39	1285,31
40	1282,63
41	1282,63
42	1280,41
43	1280,39
44	1275,60
45	1275,60
46	1272,57
47	1257,11
48	1257,11
49	1257,11
50	1257,11
51	1251,53
52	1251,53
53	1251,53
54	1251,53
55	1249,59
56	1244,00
57	1244,00
58	1225,49
59	1219,09
60	1219,09
61	1219,09
62	1219,09
63	1219,09
64	1217,55
65	1217,55
66	1217,55
67	1217,55
68	1202,80
69	1202,80
70	1202,80
71	1202,80
72	1202,80
73	1202,80
74	1195,64
75	1195,64
76	1195,64
77	1195,64
78	1195,64
79	1186,12
80	1186,12
81	1186,12
82	1181,98
83	1181,98
84	1177,91
85	1171,91
86	1171,50
87	1161,03
88	1160,77
89	1160,77
90	1160,77
91	1160,77
92	1155,85
93	1155,85
94	1155,85
95	1155,85
96	1148,09
97	1148,09
98	1148,09
99	1148,09
100	1148,09
101	1135,35
102	1135,35
103	1135,35
104	1135,35
105	1135,35
106	1130,81
107	1130,81
108	1111,68
109	1111,68
110	1111,68
111	1111,68
112	1111,34
113	1107,05
114	1107,05
115	1097,06
116	1097,06
117	1097,06
118	1096,22
119	1092,46
120	1092,46
121	1092,46
122	1089,47
123	1089,47
124	1089,47
125	1089,47
126	1083,44
127	1081,46
128	1081,46
129	1081,46
130	1073,05
131	1073,05
132	1073,05
133	1073,05
134	1071,08
135	1071,08
136	1070,73
137	1070,73
138	1065,91
139	1065,91
140	1065,91
141	1065,91
142	1065,91
143	1060,12
144	1060,12
145	1057,11
146	1057,11
147	1057,11
148	1052,81
149	1052,81
150	1041,89
151	1041,89
152	1041,89
153	1041,89
154	1037,18
155	1037,18
156	1037,18
157	1030,13
158	1030,13
159	1030,13
160	1030,13
161	1023,87
162	1023,87
163	1023,87
164	1022,74
165	1022,74
166	1022,74
167	1010,54
168	1010,54
169	1010,54
170	1010,54
171	1010,54
172	1009,48
173	1004,74
