0	14482,53
1	12429,40
2	9384,51
3	7751,96
4	7554,33
5	7554,33
6	7521,77
7	7521,77
8	7472,27
9	8130,70
10	8004,81
11	7973,32
12	7902,29
13	7902,29
14	7817,34
15	7796,15
16	7833,23
17	7833,23
18	7833,23
19	7833,23
20	7625,82
21	7625,82
22	7625,82
23	7565,07
24	7655,48
25	7655,48
26	7655,48
27	7506,96
28	7251,33
29	7251,33
30	7170,50
31	6989,98
32	6969,26
33	6963,65
34	6713,05
35	6644,42
36	6644,42
37	6625,20
38	6548,78
39	6534,63
40	6534,63
41	6534,63
42	6534,63
43	6534,63
44	6413,82
45	6413,82
46	6413,82
47	6413,82
48	6413,82
49	6346,38
50	6346,38
51	6270,91
52	6270,91
53	6270,91
54	6270,91
55	6223,78
56	6223,78
57	6223,78
58	6223,78
59	6223,78
60	6223,78
61	6223,78
62	6202,48
63	6202,48
64	6202,48
65	6202,48
66	6202,48
67	6188,83
68	6188,83
69	6188,83
70	6188,83
71	6188,83
72	6188,83
73	6177,19
74	6177,19
75	6177,19
76	6157,39
77	6155,31
78	6155,31
79	6143,68
80	6143,68
81	6096,16
82	6096,16
83	6058,41
84	6058,41
85	6058,41
86	5927,97
87	5927,97
88	5888,74
89	5872,11
90	5872,11
91	5854,73
92	5854,73
93	5852,61
94	5804,01
95	5804,01
96	5804,01
97	5804,01
98	5804,01
99	5804,01
100	5771,38
101	5771,38
102	5771,38
103	5771,38
104	5771,38
105	5771,38
106	5771,38
107	5771,38
108	5771,38
109	5771,38
110	5771,38
111	5749,01
112	5749,01
113	5749,01
114	5749,01
115	5745,07
116	5745,07
117	5731,73
118	5731,73
119	5701,11
120	5701,11
121	5701,11
122	5701,11
123	5701,11
124	5701,11
125	5679,24
126	5679,24
127	5679,24
128	5679,24
129	5678,13
130	5678,13
131	5678,13
132	5617,46
133	5617,46
134	5617,46
135	5617,46
136	5617,46
137	5606,94
138	5606,94
139	5606,94
140	5600,41
141	5600,41
142	5600,41
143	5600,41
144	5598,25
145	5598,25
146	5508,27
147	5508,27
148	5508,27
149	5508,27
150	5488,36
151	5488,36
152	5488,04
153	5488,04
154	5421,39
155	5421,39
156	5421,39
157	5418,35
158	5418,35
159	5418,35
160	5418,35
161	5418,35
162	5418,35
163	5418,35
164	5418,35
165	5418,35
166	5418,35
167	5418,35
168	5418,35
169	5407,26
170	5407,26
171	5407,26
172	5407,26
173	5402,10
174	5389,45
175	5389,45
176	5389,45
177	5389,45
178	5389,45
179	5389,45
180	5389,45
181	5389,45
182	5389,45
183	5389,45
184	5389,45
185	5389,45
186	5389,45
187	5389,45
188	5389,45
189	5389,45
190	5389,44
191	5389,44
192	5372,85
193	5372,85
194	5372,85
195	5372,85
196	5371,15
197	5371,15
198	5371,15
199	5371,10
200	5371,10
201	5371,10
202	5371,10
203	5371,10
204	5371,10
205	5371,10
206	5371,10
207	5371,10
208	5371,10
209	5371,10
210	5371,10
211	5349,23
212	5349,23
213	5348,37
214	5348,37
215	5348,37
216	5348,37
217	5332,17
218	5332,17
219	5331,27
220	5331,27
221	5331,27
222	5331,27
223	5331,27
224	5331,27
225	5331,27
226	5331,27
227	5331,27
228	5301,21
229	5301,21
230	5301,21
231	5301,21
232	5301,21
233	5301,21
234	5301,21
235	5301,21
236	5301,21
237	5301,21
238	5301,21
239	5301,21
240	5301,21
241	5301,21
242	5293,73
243	5281,42
244	5281,42
245	5281,42
246	5281,42
247	5281,42
248	5281,42
249	5281,42
250	5281,42
251	5281,42
252	5281,42
253	5281,42
254	5281,42
255	5281,42
256	5281,42
257	5280,99
258	5280,99
259	5280,99
260	5280,99
261	5280,99
262	5280,99
263	5280,99
264	5280,99
265	5280,99
266	5280,99
267	5280,99
268	5280,99
269	5280,99
270	5280,99
271	5280,99
272	5280,99
273	5280,99
274	5276,97
275	5276,97
276	5276,97
277	5276,97
278	5276,97
279	5276,97
280	5276,31
281	5272,14
282	5272,14
283	5272,14
284	5272,14
285	5272,14
286	5272,14
287	5272,14
288	5272,14
289	5272,14
290	5272,14
291	5272,14
292	5272,14
293	5271,90
294	5271,90
295	5271,90
296	5271,90
297	5271,90
298	5271,90
299	5271,90
300	5224,26
301	5224,26
302	5224,26
303	5224,26
304	5224,26
305	5224,26
306	5224,26
307	5224,26
308	5224,26
309	5224,26
310	5224,26
311	5224,26
312	5224,26
313	5224,26
