0	11317.17
1	10745.74
2	10464.42
3	9686.35
4	9686.35
5	9110.08
6	8770.43
7	8770.43
8	7387.76
9	7282.12
10	7282.12
11	7282.12
12	7210.46
13	6347.81
14	6347.81
15	6347.81
16	6502.77
17	6506.02
18	6391.30
19	6380.46
20	6476.85
21	6508.37
22	6508.37
23	6499.76
24	6451.39
25	6414.52
26	6404.88
27	6232.27
28	6413.02
29	6413.02
30	6210.76
31	6210.76
32	6210.76
33	6210.76
34	6157.48
35	6137.08
36	6075.82
37	6003.68
38	5992.62
39	5938.59
40	5938.59
41	5930.01
42	5915.56
43	5915.56
44	5879.65
45	5865.94
46	5843.47
47	5800.10
48	5800.10
49	5800.10
50	5800.10
51	5800.10
52	5781.58
53	5781.58
54	5778.90
55	5752.97
56	5752.97
57	5752.97
58	5695.97
59	5695.97
60	5647.96
61	5647.96
62	5647.96
63	5628.44
64	5618.58
65	5598.64
66	5592.19
67	5592.19
68	5592.19
69	5551.77
70	5503.86
71	5503.86
72	5497.57
73	5482.03
74	5480.22
75	5468.40
76	5467.40
77	5379.03
78	5362.80
79	5339.25
80	5339.25
81	5339.25
82	5339.25
83	5339.25
84	5339.25
85	5339.25
86	5329.32
87	5292.52
88	5289.85
89	5289.85
90	5289.85
91	5289.85
92	5289.85
93	5289.85
94	5265.84
95	5265.84
96	5265.84
97	5265.84
98	5238.55
99	5232.64
100	5232.64
101	5232.64
102	5231.94
103	5231.94
104	5230.90
105	5230.90
106	5195.47
107	5195.47
108	5195.47
109	5195.47
110	5195.47
111	5195.47
112	5195.47
113	5195.47
114	5195.47
115	5191.32
116	5184.66
117	5175.61
118	5175.61
119	5175.61
120	5175.26
121	5162.77
122	5161.21
123	5130.60
124	5130.60
125	5130.60
126	5130.60
127	5130.60
128	5123.20
129	5109.80
130	5109.80
131	5109.80
132	5101.54
133	5101.54
134	5101.54
135	5087.03
136	5087.03
137	5087.03
138	5087.03
139	5084.86
140	5065.22
141	5065.22
142	5041.39
143	5034.94
144	5020.27
145	5020.27
146	5020.27
147	5020.27
148	5020.27
149	5020.27
150	5020.27
151	5018.21
152	5018.21
153	5011.40
154	5006.27
155	5006.27
156	4995.67
157	4995.67
158	4995.67
159	4995.67
160	4995.67
161	4995.67
162	4990.87
163	4990.87
164	4990.87
165	4985.63
166	4985.63
167	4985.63
168	4985.63
169	4980.60
170	4972.73
171	4971.96
172	4971.96
173	4971.96
174	4968.41
175	4968.41
176	4962.58
177	4945.70
178	4945.70
179	4945.70
180	4944.22
181	4914.96
182	4914.96
183	4914.96
184	4914.96
185	4914.96
186	4914.96
187	4914.96
188	4913.25
189	4905.55
190	4905.55
191	4904.05
192	4904.05
193	4903.85
194	4903.85
195	4903.85
196	4903.85
197	4900.13
198	4896.04
199	4896.04
200	4889.89
201	4888.07
202	4888.07
203	4881.21
204	4881.21
205	4881.21
206	4881.21
207	4881.21
208	4881.21
209	4880.99
210	4880.99
211	4880.99
212	4880.99
213	4876.59
214	4876.59
215	4876.59
216	4876.59
217	4876.59
218	4876.59
219	4855.82
220	4855.82
221	4855.82
222	4855.82
223	4855.82
224	4851.64
225	4851.64
226	4851.64
227	4851.64
228	4851.64
229	4851.64
230	4851.64
231	4851.64
232	4843.13
233	4843.13
234	4843.13
235	4843.13
236	4843.13
237	4843.13
238	4841.84
239	4841.84
240	4841.84
241	4841.84
242	4841.84
243	4841.84
244	4841.84
245	4841.84
246	4841.84
247	4841.84
248	4841.70
249	4837.64
250	4837.64
251	4836.46
252	4836.46
253	4836.46
254	4836.46
255	4836.46
256	4836.46
257	4826.28
258	4826.28
259	4826.28
260	4826.28
261	4826.28
262	4826.28
263	4826.28
264	4826.28
265	4826.28
266	4826.28
267	4824.51
268	4824.51
269	4824.51
270	4815.19
271	4815.19
272	4815.19
273	4815.19
274	4795.42
275	4795.25
276	4795.25
277	4795.25
278	4795.25
279	4795.25
280	4795.25
281	4792.28
282	4791.00
283	4791.00
284	4791.00
285	4791.00
286	4791.00
287	4791.00
288	4791.00
289	4791.00
290	4791.00
291	4791.00
292	4791.00
293	4791.00
294	4791.00
295	4778.96
296	4778.96
297	4778.96
298	4763.66
299	4763.66
300	4763.66
301	4763.66
302	4760.86
303	4760.86
304	4760.86
305	4753.54
306	4745.58
307	4745.58
308	4745.58
309	4745.58
310	4728.18
311	4728.18
312	4727.00
313	4727.00
314	4727.00
315	4727.00
316	4722.71
317	4709.39
318	4709.39
319	4709.39
320	4709.39
321	4709.39
322	4698.42
323	4698.42
324	4698.42
325	4698.42
326	4698.42
327	4698.42
328	4675.49
329	4675.49
330	4675.49
331	4655.12
332	4655.12
333	4655.12
334	4655.12
335	4655.12
336	4655.12
337	4651.91
338	4625.59
339	4625.59
340	4625.59
341	4621.48
342	4621.48
343	4621.48
344	4621.48
345	4621.48
346	4621.48
347	4621.48
