0	3573,96
1	2733,87
2	1796,73
3	1735,01
4	1719,64
5	1719,64
6	1719,64
7	1719,64
8	1719,64
9	1711,36
10	1685,15
11	1685,15
12	1685,15
13	1685,15
14	1685,15
15	1684,04
16	1667,77
17	1622,75
18	1622,75
19	1598,40
20	1598,40
21	1538,49
22	1538,49
23	1538,49
24	1538,49
25	1516,08
26	1510,32
27	1500,49
28	1500,49
29	1500,49
30	1492,65
31	1483,18
32	1472,01
33	1472,01
34	1472,01
35	1472,01
36	1472,01
37	1472,01
38	1472,01
39	1472,01
40	1472,01
41	1472,01
42	1465,60
43	1465,60
44	1465,60
45	1464,55
46	1464,55
47	1464,55
48	1456,56
49	1456,56
50	1448,00
51	1448,00
52	1448,00
53	1391,54
