0	7995,92
1	7545,99
2	7587,50
3	7554,83
4	7112,39
5	7112,39
6	7018,59
7	6624,45
8	6834,05
9	6741,52
10	6379,34
11	6379,34
12	6116,08
13	5893,93
14	5649,48
15	5649,48
16	5649,48
17	5649,48
18	5649,48
19	5311,80
20	5311,80
21	5044,94
22	5044,94
23	5044,94
24	5044,65
25	4945,69
26	4777,49
27	4777,49
28	4777,49
29	4642,13
30	4642,13
31	4642,13
32	4642,13
33	4642,13
34	4585,56
35	4586,77
36	4586,77
37	4586,77
38	4610,59
39	4384,79
40	4354,39
41	4354,39
42	4354,39
43	4354,39
44	4299,41
45	4299,41
46	4299,41
47	4265,36
48	4265,36
49	4168,10
50	4168,10
51	3999,06
52	3999,06
53	3999,06
54	3999,06
55	3999,06
56	3999,06
57	3999,06
58	4002,94
59	4002,94
60	3979,05
61	3979,05
62	3972,99
63	3911,15
64	3911,15
65	3911,15
66	3911,15
67	3864,36
68	3965,20
69	3965,20
70	3965,20
71	3965,20
72	3965,20
73	3965,20
74	3944,73
75	3944,73
76	3944,73
77	3939,76
78	3887,00
79	3887,00
80	3873,20
81	3873,20
82	3873,20
83	3873,20
84	3873,20
85	3873,20
86	3873,20
87	3777,47
88	3777,47
89	3777,47
90	3777,47
91	3699,20
92	3699,20
93	3701,21
94	3701,21
95	3701,21
96	3701,21
97	3701,21
98	3680,70
99	3680,70
100	3680,70
101	3680,70
102	3680,70
103	3680,70
104	3638,06
105	3638,06
106	3638,06
107	3580,33
108	3580,33
109	3580,33
110	3569,74
111	3569,74
112	3526,24
113	3526,24
114	3526,24
115	3565,77
116	3565,77
117	3565,77
118	3565,77
119	3565,77
120	3565,77
121	3565,77
122	3565,77
123	3565,77
124	3554,15
125	3554,15
126	3554,15
127	3554,15
128	3539,03
129	3539,03
130	3486,43
131	3473,93
132	3473,93
133	3473,93
134	3473,93
135	3473,93
136	3473,93
137	3473,93
138	3473,93
139	3473,93
140	3473,93
141	3473,93
142	3473,93
143	3473,93
144	3473,93
145	3473,93
146	3424,04
147	3423,93
148	3423,93
149	3392,77
150	3392,77
151	3392,77
152	3334,87
153	3334,87
154	3334,87
155	3334,87
156	3334,87
157	3334,87
158	3334,87
159	3334,87
160	3473,16
161	3473,16
162	3473,16
163	3473,16
164	3473,16
165	3473,16
166	3473,16
167	3473,16
168	3473,16
169	3466,65
170	3466,65
171	3466,65
172	3466,65
173	3466,65
174	3466,65
175	3466,65
176	3466,65
177	3466,65
178	3466,65
179	3466,65
180	3466,65
181	3466,65
182	3400,15
183	3400,15
184	3400,15
185	3400,15
186	3400,15
187	3400,15
188	3394,49
189	3394,49
190	3366,89
191	3363,22
192	3341,18
193	3341,18
194	3341,18
195	3341,18
196	3292,41
197	3292,41
198	3292,41
199	3292,41
200	3292,41
201	3292,41
202	3292,41
203	3292,41
204	3280,36
205	3280,36
206	3280,36
207	3280,36
208	3280,36
209	3235,15
210	3174,33
211	3174,33
212	3174,33
213	3174,33
214	3229,07
215	3229,07
216	3229,07
217	3229,07
218	3223,28
219	3223,28
220	3223,28
221	3223,28
222	3223,28
223	3293,16
224	3311,12
225	3311,12
226	3311,12
227	3311,12
228	3311,12
229	3311,12
230	3311,12
231	3311,12
232	3311,12
233	3311,12
234	3311,12
235	3249,87
236	3249,87
237	3249,87
238	3249,87
239	3249,87
240	3249,87
241	3249,87
242	3165,55
243	3165,55
244	3165,55
245	3165,55
246	3165,55
247	3165,55
248	3165,55
249	3162,64
250	3162,64
251	3162,53
252	3162,53
253	3162,53
254	3162,53
255	3162,53
256	3162,53
257	3162,53
258	3156,26
259	3156,26
260	3156,26
261	3156,26
262	3156,26
263	3156,26
264	3143,90
265	3143,90
266	3143,90
267	3143,90
268	3143,90
269	3143,90
270	3143,90
271	3143,90
272	3143,90
273	3143,90
274	3143,90
275	3143,90
276	3143,90
277	3143,90
278	3143,90
279	3143,90
280	3143,90
281	3143,90
282	3114,28
283	3164,23
284	3164,23
285	3164,23
286	3298,28
287	3298,28
288	3298,28
289	3298,28
290	3298,28
291	3298,28
292	3298,28
293	3298,28
294	3298,28
295	3298,28
296	3297,80
297	3297,80
298	3297,80
299	3297,80
300	3297,80
301	3297,80
302	3297,80
303	3297,80
304	3209,13
305	3209,13
306	3209,13
307	3209,13
308	3209,13
309	3209,13
310	3209,13
311	3209,13
312	3209,13
313	3209,13
314	3209,13
315	3209,13
316	3209,13
317	3209,13
318	3209,13
319	3209,13
320	3209,13
321	3209,13
322	3209,13
323	3209,13
324	3209,13
325	3217,52
326	3217,52
327	3217,52
328	3217,52
329	3217,52
330	3217,52
331	3217,52
332	3217,52
333	3205,16
334	3205,16
335	3205,16
336	3205,16
337	3205,16
338	3205,16
339	3205,16
340	3162,64
341	3162,64
342	3162,64
343	3162,64
344	3162,64
345	3162,64
346	3162,64
347	3162,64
348	3162,64
349	3162,64
350	3162,64
351	3162,64
352	3162,64
353	3157,55
354	3157,55
355	3157,55
356	3157,55
357	3157,55
358	3155,43
359	3155,43
360	3150,33
361	3150,33
362	3150,33
363	3150,33
364	3150,33
365	3144,47
366	3144,47
367	3144,47
368	3144,47
369	3144,47
370	3144,44
371	3144,44
372	3144,44
373	3144,44
374	3144,44
375	3144,44
376	3144,44
377	3144,44
378	3144,44
379	3142,21
380	3142,21
381	3142,21
382	3142,21
383	3127,22
384	3127,22
385	3127,22
386	3127,22
387	3101,74
388	3101,74
389	3101,74
390	3101,74
391	3101,74
392	3101,74
393	3101,74
394	3101,74
395	3101,74
396	3101,74
397	3101,74
398	3101,74
399	3101,74
400	3252,40
401	3252,40
402	3252,40
403	3252,40
404	3252,40
405	3252,40
406	3252,40
407	3252,40
408	3252,40
409	3252,40
410	3250,96
411	3250,96
412	3250,96
413	3250,96
414	3250,96
415	3250,96
416	3250,96
417	3250,96
418	3250,96
419	3250,96
420	3250,96
421	3250,96
422	3250,96
423	3250,96
424	3250,96
425	3250,96
426	3250,96
427	3190,96
428	3190,96
429	3190,96
430	3190,96
431	3190,96
432	3190,96
433	3190,96
434	3190,96
435	3190,96
436	3190,96
437	3190,96
438	3179,74
439	3179,74
440	3179,74
441	3179,74
442	3179,74
443	3099,74
444	3098,14
445	3098,14
446	3098,14
447	3098,14
448	3098,14
449	3088,00
450	3088,00
451	3088,00
452	3088,00
453	3088,00
454	3088,00
455	3088,00
456	3088,00
457	3088,00
458	3088,00
459	3088,00
460	3088,00
461	3088,00
462	3088,00
463	3088,00
464	3088,00
465	3088,00
466	3088,00
467	3088,00
468	3088,00
469	3088,00
470	3088,00
471	3088,00
472	3088,00
473	3020,20
474	3020,20
475	3020,20
476	3020,20
477	3020,20
478	3020,20
479	3020,20
480	3020,20
481	3020,20
482	3020,20
483	3020,20
484	3020,20
485	3020,20
486	3020,20
487	3020,20
488	3020,20
489	3020,20
490	3020,20
491	3020,20
492	3020,20
493	3020,20
494	3020,20
495	3020,20
496	3020,20
497	3020,20
498	3020,20
499	3020,20
500	3022,18
501	3022,18
502	3113,26
503	3113,26
504	3111,19
505	3111,19
506	3111,19
507	3090,53
508	3090,53
509	3090,53
510	3090,53
511	3090,53
512	3090,53
513	3090,53
514	3090,53
515	3090,53
516	3090,53
517	3090,53
518	3090,53
519	3090,53
520	3090,53
521	3090,53
522	3090,53
523	3090,53
524	3090,53
525	3090,53
526	3090,53
527	3090,53
528	3090,53
529	3090,53
530	3090,53
531	3090,53
532	3090,53
533	3090,53
534	3090,53
535	3090,53
536	3090,53
537	3090,53
538	3090,53
539	3090,53
540	3087,05
541	3087,05
542	3087,05
543	3087,05
544	3087,05
545	3087,05
546	3087,05
547	3087,05
548	3087,05
549	3087,05
550	3087,05
551	3087,05
552	3087,05
553	3087,05
554	3087,05
555	3087,05
556	3087,05
557	3087,05
558	3087,05
559	3087,05
560	3087,05
561	3087,05
562	3087,05
563	3087,05
564	3087,05
565	3087,05
566	3083,73
567	3083,73
568	3083,73
569	3083,73
570	3082,71
571	3082,71
572	3082,71
573	3082,71
574	3082,71
575	3082,71
576	3082,71
577	3082,71
578	3082,71
579	3082,71
580	3082,71
581	3082,71
582	3081,67
583	3081,67
584	3081,67
585	3081,67
586	3081,67
587	3081,67
588	3081,67
589	3081,67
590	3081,67
591	3081,67
592	3078,35
593	3078,35
594	3078,35
595	3078,35
596	3078,35
597	3078,35
598	3078,35
599	3078,35
600	3078,35
601	3078,35
602	3078,35
603	3078,35
604	3078,35
605	3078,35
606	3078,35
607	3078,35
608	3078,35
609	3078,35
610	3078,35
611	3078,35
612	3078,35
613	3074,14
614	3074,14
615	3074,14
616	3074,14
617	3074,14
618	3073,62
619	3073,62
620	3002,91
621	3002,91
622	3002,91
623	3002,91
624	3002,91
625	3002,91
626	3002,91
627	3002,91
628	2997,33
629	2997,33
630	2997,33
631	2997,33
632	2997,33
633	2997,33
634	2997,33
635	2997,33
636	2997,33
637	2997,33
638	2997,33
639	2997,33
640	2997,33
641	2997,33
642	2997,33
643	2997,33
644	2997,33
645	2997,33
646	2997,33
647	2997,33
648	2997,33
649	2997,33
650	2997,33
651	2997,33
652	2997,33
653	2997,33
654	2997,33
655	2997,33
656	2997,33
657	2997,33
658	2997,33
659	2997,33
660	2997,33
661	2997,33
662	2997,33
663	2997,33
664	2997,33
665	2997,33
666	2997,33
667	2997,33
668	2997,33
669	2997,33
670	2997,33
671	2997,33
672	2997,33
673	2997,33
674	2997,33
675	2991,38
676	2950,94
677	2950,94
678	2950,94
679	2950,94
680	2950,94
681	2950,94
682	2950,94
683	2950,94
684	2950,94
685	2950,94
686	2950,94
687	2950,94
688	2950,94
689	2950,94
690	2950,94
691	2950,94
692	2950,94
693	2950,94
694	2950,94
695	2950,94
696	2950,94
697	2950,94
698	2950,94
699	2950,94
700	2950,94
701	2950,94
702	2950,94
703	2950,94
704	2950,94
705	2950,94
706	2950,94
707	2950,94
708	2950,94
709	2950,94
710	2950,94
711	2950,94
712	2950,94
713	2950,94
714	2950,94
715	2950,94
716	2950,94
717	2950,94
718	2950,94
719	2950,94
720	2950,94
721	2950,94
722	2950,94
723	2950,94
724	2950,94
725	2950,94
726	2950,94
727	2950,94
728	2950,94
729	2950,94
730	2950,94
731	2950,94
732	2950,94
733	2950,94
734	2950,94
735	2950,94
736	2950,94
737	2950,94
738	2950,94
739	2950,94
740	2950,94
741	2950,94
742	2950,94
743	2950,94
744	2950,94
745	2950,94
746	2950,94
747	2950,94
748	2950,94
749	2950,94
750	2950,94
751	2950,94
752	2950,94
753	2950,94
754	2950,94
755	2950,94
756	2950,94
757	2950,94
758	2950,94
759	2950,94
760	2950,94
761	2950,94
762	2950,94
763	2950,94
764	2950,94
765	2950,94
766	2950,94
767	2950,94
768	2950,94
769	2950,94
770	2950,94
771	2950,94
772	2950,94
773	2950,94
774	2950,94
775	2950,94
776	2950,94
777	2950,94
778	2950,94
779	2950,94
780	2950,94
781	2950,94
782	2950,94
783	2950,94
784	2950,94
785	2950,94
786	2950,94
787	2950,94
788	2950,94
789	2940,89
790	2940,89
791	2940,89
792	2940,89
793	2940,89
794	2940,89
795	2940,89
796	2940,89
797	2940,89
798	2940,89
799	2940,89
800	2940,89
801	2940,89
802	2940,89
803	2940,89
804	2940,89
805	2940,89
806	2940,89
807	2940,89
808	2940,89
809	2934,38
810	2934,38
811	2934,38
812	2934,38
813	2934,38
814	2934,38
815	2934,38
816	2934,38
817	2934,38
818	2934,38
819	2934,38
820	2934,38
821	2934,38
822	2934,38
823	2934,38
824	2863,67
825	2863,67
826	2863,67
827	2863,67
828	2863,67
829	2863,67
830	2863,67
831	2863,67
832	2863,67
833	2863,67
834	2863,67
835	2863,67
836	2863,67
837	2863,67
838	2863,67
839	2863,67
840	2863,67
841	2863,67
842	2863,67
843	2863,67
844	2863,67
845	2863,67
846	2863,67
847	2863,67
848	2863,67
849	2863,67
850	2863,67
851	2863,67
852	2863,67
853	2863,67
854	2863,67
855	2863,67
856	2863,67
857	2863,67
858	2863,67
859	2863,67
860	2863,67
861	2863,67
862	2863,67
863	2863,67
864	2863,67
865	2863,67
866	2863,67
867	2863,67
868	2863,67
869	2863,67
870	2863,67
871	2863,67
872	2863,67
873	2863,67
874	2863,67
875	2863,67
876	2863,67
877	2863,67
878	2863,67
879	2863,67
880	2863,67
881	2863,67
882	2863,67
883	2863,67
884	2863,67
885	2863,67
886	2863,67
887	2863,67
888	2863,67
889	2863,67
890	2863,67
891	2863,67
892	2863,67
893	2863,67
894	2863,67
895	2863,67
896	2863,67
897	2863,67
898	2863,67
899	2863,67
900	2863,67
901	2863,67
902	2863,67
903	2863,67
904	2863,67
905	2863,67
906	2863,67
907	2863,67
908	2863,67
909	2863,67
910	2863,67
911	2863,67
912	2863,67
913	2863,67
914	2863,67
915	2863,67
916	2863,67
917	2863,67
918	2863,67
919	2863,67
920	2863,67
921	2863,67
922	2863,67
923	2863,67
924	2863,67
925	2863,67
926	2863,67
927	2863,67
928	2863,67
929	2863,67
930	2863,67
931	2863,67
932	2863,67
933	2863,67
934	2863,67
935	2863,67
936	2863,67
937	2863,67
938	2863,67
939	2863,67
940	2863,67
941	2863,67
942	2863,67
943	2863,67
944	2863,67
945	2863,67
946	2863,67
947	2863,67
948	2863,67
949	2863,67
950	2863,67
951	2863,67
952	2863,67
953	2863,67
954	2863,67
955	2863,67
956	2863,67
957	2863,67
958	2863,67
959	2863,67
960	2863,67
961	2863,67
962	2863,67
963	2863,67
964	2863,67
965	2863,67
966	2863,67
967	2863,67
968	2863,67
969	2863,67
970	2863,67
971	2863,67
972	2863,67
973	2863,67
974	2863,67
975	2863,67
976	2863,67
977	2863,67
978	2863,67
979	2863,67
980	2863,67
981	2863,67
982	2863,67
983	2863,67
984	2863,67
985	2863,67
986	2863,67
987	2863,67
988	2863,67
989	2863,67
990	2863,67
991	2863,67
992	2863,67
993	2863,67
994	2863,67
995	2863,67
996	2863,67
997	2863,67
998	2863,67
999	2863,67
1000	2863,67
1001	2863,67
1002	2863,67
1003	2863,67
1004	2863,67
1005	2863,67
1006	2863,67
1007	2863,67
1008	2863,67
1009	2863,67
1010	2863,67
1011	2863,67
1012	2863,67
1013	2863,67
1014	2863,67
1015	2863,67
1016	2863,67
1017	2863,67
1018	2863,67
1019	2863,67
1020	2863,67
1021	2863,67
1022	2863,67
1023	2863,67
1024	2863,67
1025	2863,67
1026	2863,67
1027	2863,67
1028	2863,67
1029	2863,67
1030	2863,67
1031	2863,67
1032	2863,67
1033	2863,67
1034	2863,67
1035	2863,67
1036	2863,67
1037	2863,67
1038	2863,67
1039	2863,67
1040	2863,67
1041	2863,67
1042	2863,67
1043	2863,67
1044	2863,67
1045	2863,67
1046	2863,67
1047	2863,67
1048	2863,67
1049	2863,67
1050	2863,67
1051	2863,67
1052	2863,67
1053	2863,67
1054	2863,67
1055	2863,67
1056	2863,67
1057	2863,67
1058	2863,67
1059	2863,67
1060	2863,67
1061	2863,67
1062	2863,67
1063	2863,67
1064	2863,67
1065	2863,67
1066	2863,67
1067	2863,67
1068	2863,67
1069	2863,67
1070	2863,67
1071	2863,67
1072	2863,67
1073	2863,67
1074	2863,67
1075	2863,67
1076	2863,67
1077	2863,67
1078	2863,67
1079	2863,67
1080	2863,67
1081	2863,67
1082	2863,67
1083	2863,67
1084	2863,67
1085	2863,67
1086	2863,67
1087	2863,67
1088	2863,67
1089	2863,67
1090	2863,67
1091	2863,67
1092	2863,67
1093	2863,67
1094	2863,67
1095	2863,67
1096	2863,67
1097	2863,67
1098	2863,67
1099	2863,67
1100	2863,67
1101	2863,67
1102	2863,67
1103	2863,67
1104	2863,67
1105	2863,67
1106	2863,67
1107	2863,67
1108	2863,67
1109	2863,67
1110	2863,67
1111	2863,67
1112	2863,67
1113	2863,67
1114	2863,67
1115	2863,67
1116	2863,67
1117	2863,67
1118	2863,67
1119	2863,67
1120	2863,67
1121	2863,67
1122	2863,67
1123	2863,67
1124	2863,67
1125	2863,67
1126	2863,67
1127	2863,67
1128	2863,67
1129	2863,67
1130	2863,67
1131	2863,67
1132	2863,67
1133	2863,67
1134	2863,67
1135	2863,67
1136	2863,67
1137	2863,67
1138	2863,67
1139	2863,67
1140	2863,67
1141	2863,67
1142	2863,67
1143	2863,67
1144	2863,67
1145	2863,67
1146	2863,67
1147	2863,67
1148	2863,67
1149	2863,67
1150	2863,67
1151	2863,67
1152	2863,67
1153	2863,67
1154	2863,67
1155	2863,67
1156	2863,67
1157	2863,67
1158	2863,67
1159	2863,67
1160	2863,67
1161	2863,67
1162	2863,67
1163	2863,67
1164	2863,67
1165	2863,67
1166	2863,67
1167	2863,67
1168	2863,67
1169	2863,67
1170	2863,67
1171	2863,67
1172	2863,67
1173	2863,67
1174	2863,67
1175	2863,67
1176	2863,67
1177	2863,67
1178	2863,67
1179	2863,67
1180	2863,67
1181	2863,67
1182	2863,67
1183	2863,67
1184	2863,67
1185	2863,67
1186	2863,67
1187	2863,67
1188	2863,67
1189	2863,67
1190	2863,67
1191	2863,67
1192	2863,67
1193	2863,67
1194	2863,67
1195	2863,67
1196	2863,67
1197	2863,67
1198	2863,67
1199	2863,67
1200	2863,67
1201	2863,67
1202	2863,67
1203	2863,67
1204	2863,67
1205	2863,67
1206	2863,67
1207	2863,67
1208	2863,67
1209	2863,67
1210	2863,67
1211	2863,67
1212	2863,67
1213	2863,67
1214	2863,67
1215	2863,67
1216	2863,67
1217	2863,67
1218	2863,67
1219	2863,67
1220	2863,67
1221	2863,67
1222	2863,67
1223	2863,67
1224	2863,67
1225	2863,67
1226	2863,67
1227	2863,67
1228	2863,67
1229	2863,67
1230	2863,67
1231	2863,67
1232	2863,67
1233	2863,67
1234	2863,67
1235	2863,67
1236	2863,67
1237	2863,67
1238	2863,67
1239	2863,67
1240	2863,67
1241	2863,67
1242	2863,67
1243	2863,67
1244	2863,67
1245	2863,67
1246	2863,67
1247	2863,67
1248	2863,67
1249	2863,67
1250	2863,67
1251	2863,67
1252	2863,67
1253	2863,67
1254	2863,67
1255	2863,67
1256	2863,67
1257	2863,67
1258	2863,67
1259	2863,67
1260	2863,67
1261	2863,67
1262	2863,67
1263	2863,67
1264	2863,67
1265	2863,67
1266	2863,67
1267	2863,67
1268	2863,67
1269	2863,67
1270	2863,67
1271	2863,67
1272	2863,67
1273	2863,67
1274	2863,67
1275	2863,67
1276	2863,67
1277	2863,67
1278	2863,67
1279	2863,67
1280	2863,67
1281	2863,67
1282	2863,67
1283	2863,67
1284	2863,67
1285	2863,67
1286	2863,67
1287	2863,67
1288	2863,67
1289	2863,67
1290	2863,67
1291	2863,67
1292	2863,67
1293	2863,67
1294	2863,67
1295	2863,67
1296	2863,67
1297	2863,67
1298	2863,67
1299	2863,67
1300	2863,67
1301	2863,67
1302	2863,67
1303	2863,67
1304	2863,67
1305	2863,67
1306	2863,67
1307	2863,67
1308	2863,67
1309	2863,67
1310	2863,67
1311	2863,67
1312	2863,67
1313	2863,67
1314	2863,67
1315	2863,67
1316	2863,67
1317	2863,67
1318	2863,67
1319	2863,67
1320	2863,67
1321	2863,67
1322	2863,67
1323	2863,67
1324	2863,67
1325	2863,67
1326	2863,67
1327	2863,67
1328	2863,67
1329	2863,67
1330	2863,67
1331	2863,67
1332	2863,67
1333	2863,67
1334	2863,67
1335	2863,67
1336	2863,67
1337	2863,67
1338	2863,67
1339	2863,67
1340	2863,67
1341	2863,67
1342	2863,67
1343	2863,67
1344	2863,67
1345	2863,67
1346	2863,67
1347	2863,67
1348	2863,67
1349	2863,67
1350	2863,67
1351	2863,67
1352	2863,67
1353	2863,67
1354	2863,67
1355	2863,67
1356	2863,67
1357	2863,67
1358	2863,67
1359	2863,67
1360	2863,67
1361	2863,67
1362	2863,67
1363	2863,67
1364	2863,67
1365	2863,67
1366	2863,67
1367	2863,67
1368	2863,67
1369	2863,67
1370	2863,67
1371	2863,67
1372	2863,67
1373	2863,67
1374	2863,67
1375	2863,67
1376	2863,67
1377	2863,67
1378	2863,67
1379	2863,67
1380	2863,67
1381	2863,67
1382	2863,67
1383	2863,67
1384	2863,67
1385	2863,67
1386	2863,67
1387	2863,67
1388	2863,67
1389	2863,67
1390	2863,67
1391	2863,67
1392	2863,67
1393	2863,67
1394	2863,67
1395	2863,67
1396	2863,67
1397	2863,67
1398	2863,67
1399	2863,67
1400	2863,67
1401	2863,67
1402	2863,67
1403	2863,67
1404	2863,67
1405	2863,67
1406	2863,67
1407	2863,67
1408	2863,67
1409	2863,67
1410	2863,67
1411	2863,67
1412	2863,67
1413	2863,67
1414	2863,67
1415	2863,67
1416	2863,67
1417	2863,67
1418	2863,67
1419	2863,67
1420	2863,67
1421	2863,67
1422	2863,67
1423	2863,67
1424	2863,67
1425	2863,67
1426	2863,67
1427	2863,67
1428	2863,67
1429	2863,67
1430	2863,67
1431	2863,67
1432	2863,67
1433	2863,67
1434	2863,67
1435	2863,67
1436	2863,67
1437	2863,67
1438	2863,67
1439	2863,67
1440	2863,67
1441	2863,67
1442	2863,67
1443	2863,67
1444	2863,67
1445	2863,67
1446	2863,67
1447	2863,67
1448	2863,67
1449	2863,67
1450	2863,67
1451	2863,67
1452	2863,67
1453	2863,67
1454	2863,67
1455	2863,67
1456	2863,67
1457	2863,67
1458	2863,67
1459	2863,67
1460	2863,67
1461	2863,67
1462	2863,67
1463	2863,67
1464	2863,67
1465	2863,67
1466	2863,67
1467	2863,67
1468	2863,67
1469	2863,67
1470	2863,67
1471	2863,67
1472	2863,67
1473	2863,67
1474	2863,67
1475	2863,67
1476	2863,67
1477	2863,67
1478	2863,67
1479	2863,67
1480	2863,67
1481	2863,67
1482	2863,67
1483	2863,67
1484	2863,67
1485	2863,67
1486	2863,67
1487	2863,67
1488	2863,67
1489	2863,67
1490	2863,67
1491	2863,67
1492	2863,67
1493	2863,67
1494	2863,67
1495	2863,67
1496	2863,67
1497	2863,67
1498	2863,67
1499	2863,67
1500	2863,67
1501	2863,67
1502	2863,67
1503	2863,67
1504	2863,67
1505	2863,67
1506	2863,67
1507	2863,67
1508	2863,67
1509	2863,67
1510	2863,67
1511	2863,67
1512	2863,67
1513	2863,67
1514	2863,67
1515	2863,67
1516	2863,67
1517	2863,67
1518	2863,67
1519	2863,67
1520	2863,67
1521	2863,67
1522	2863,67
1523	2863,67
1524	2863,67
1525	2863,67
1526	2863,67
1527	2863,67
1528	2863,67
1529	2863,67
1530	2863,67
1531	2863,67
1532	2863,67
1533	2863,67
1534	2863,67
1535	2863,67
1536	2863,67
1537	2863,67
1538	2863,67
1539	2863,67
1540	2863,67
1541	2863,67
1542	2863,67
1543	2863,67
1544	2863,67
1545	2863,67
1546	2863,67
1547	2863,67
1548	2863,67
1549	2863,67
1550	2863,67
1551	2863,67
1552	2863,67
1553	2863,67
1554	2863,67
1555	2863,67
1556	2863,67
1557	2863,67
1558	2863,67
1559	2863,67
1560	2863,67
1561	2863,67
1562	2863,67
1563	2863,67
1564	2863,67
1565	2863,67
1566	2863,67
1567	2863,67
1568	2863,67
1569	2863,67
1570	2863,67
1571	2863,67
1572	2863,67
1573	2863,67
1574	2863,67
1575	2863,67
1576	2863,67
1577	2863,67
1578	2863,67
1579	2863,67
1580	2863,67
1581	2863,67
1582	2863,67
1583	2863,67
1584	2863,67
1585	2863,67
1586	2863,67
1587	2863,67
1588	2863,67
1589	2863,67
1590	2863,67
1591	2863,67
1592	2863,67
1593	2863,67
1594	2863,67
1595	2863,67
1596	2863,67
1597	2863,67
1598	2863,67
1599	2863,67
1600	2863,67
1601	2863,67
1602	2863,67
1603	2863,67
1604	2863,67
1605	2863,67
1606	2863,67
1607	2863,67
1608	2863,67
1609	2863,67
1610	2863,67
1611	2863,67
1612	2863,67
1613	2863,67
1614	2863,67
1615	2863,67
1616	2863,67
1617	2863,67
1618	2863,67
1619	2863,67
1620	2863,67
1621	2863,67
1622	2863,67
1623	2863,67
1624	2863,67
1625	2863,67
1626	2863,67
1627	2863,67
1628	2863,67
1629	2863,67
1630	2863,67
1631	2863,67
1632	2863,67
1633	2863,67
1634	2863,67
1635	2863,67
1636	2863,67
1637	2863,67
1638	2863,67
1639	2863,67
1640	2863,67
1641	2863,67
1642	2863,67
1643	2863,67
1644	2863,67
1645	2863,67
1646	2863,67
1647	2863,67
1648	2863,67
1649	2863,67
1650	2863,67
1651	2863,67
1652	2863,67
1653	2863,67
1654	2863,67
1655	2863,67
1656	2863,67
1657	2863,67
1658	2863,67
1659	2863,67
1660	2863,67
1661	2863,67
1662	2863,67
1663	2863,67
1664	2863,67
1665	2863,67
1666	2863,67
1667	2863,67
1668	2863,67
1669	2863,67
1670	2863,67
1671	2863,67
1672	2863,67
1673	2863,67
1674	2863,67
1675	2863,67
1676	2863,67
1677	2863,67
1678	2863,67
1679	2863,67
1680	2863,67
1681	2863,67
1682	2863,67
1683	2863,67
1684	2863,67
1685	2863,67
1686	2863,67
1687	2863,67
1688	2863,67
1689	2863,67
1690	2863,67
1691	2863,67
1692	2863,67
1693	2863,67
1694	2863,67
1695	2863,67
1696	2863,67
1697	2863,67
1698	2863,67
1699	2863,67
1700	2863,67
1701	2863,67
1702	2863,67
1703	2863,67
1704	2863,67
1705	2863,67
1706	2863,67
1707	2863,67
1708	2863,67
1709	2863,67
1710	2863,67
1711	2863,67
1712	2863,67
1713	2863,67
1714	2863,67
1715	2863,67
1716	2863,67
1717	2863,67
1718	2863,67
1719	2863,67
1720	2863,67
1721	2863,67
1722	2863,67
1723	2863,67
1724	2863,67
1725	2863,67
1726	2863,67
1727	2863,67
1728	2863,67
1729	2863,67
1730	2863,67
1731	2863,67
1732	2863,67
1733	2863,67
1734	2863,67
1735	2863,67
1736	2863,67
1737	2863,67
1738	2863,67
1739	2863,67
1740	2863,67
1741	2863,67
1742	2863,67
1743	2863,67
1744	2863,67
1745	2863,67
1746	2863,67
1747	2863,67
1748	2863,67
1749	2863,67
1750	2863,67
1751	2863,67
1752	2863,67
1753	2863,67
1754	2863,67
1755	2863,67
1756	2863,67
1757	2863,67
1758	2863,67
1759	2863,67
1760	2863,67
1761	2863,67
1762	2863,67
1763	2863,67
1764	2863,67
1765	2863,67
1766	2863,67
1767	2863,67
1768	2863,67
1769	2863,67
1770	2863,67
1771	2863,67
1772	2863,67
1773	2863,67
1774	2863,67
1775	2863,67
1776	2863,67
1777	2863,67
1778	2863,67
1779	2863,67
1780	2863,67
1781	2863,67
1782	2863,67
1783	2863,67
1784	2863,67
1785	2863,67
1786	2863,67
1787	2863,67
1788	2863,67
1789	2863,67
1790	2863,67
1791	2863,67
1792	2863,67
1793	2863,67
1794	2863,67
1795	2863,67
1796	2863,67
1797	2863,67
1798	2863,67
1799	2863,67
1800	2863,67
1801	2863,67
1802	2863,67
1803	2863,67
1804	2863,67
1805	2863,67
1806	2863,67
1807	2863,67
1808	2863,67
1809	2863,67
1810	2863,67
1811	2863,67
1812	2863,67
1813	2863,67
1814	2863,67
1815	2863,67
1816	2863,67
1817	2863,67
1818	2863,67
1819	2863,67
1820	2863,67
1821	2863,67
1822	2863,67
1823	2863,67
1824	2863,67
1825	2863,67
1826	2863,67
1827	2863,67
1828	2863,67
1829	2863,67
1830	2863,67
1831	2863,67
1832	2863,67
1833	2863,67
1834	2863,67
1835	2863,67
1836	2863,67
1837	2863,67
1838	2863,67
1839	2863,67
1840	2863,67
1841	2863,67
1842	2863,67
1843	2863,67
1844	2863,67
1845	2863,67
1846	2863,67
1847	2863,67
1848	2863,67
1849	2863,67
1850	2863,67
1851	2863,67
1852	2863,67
1853	2863,67
1854	2863,67
1855	2863,67
1856	2863,67
1857	2863,67
1858	2863,67
1859	2863,67
1860	2863,67
1861	2863,67
1862	2863,67
1863	2863,67
1864	2863,67
1865	2863,67
1866	2863,67
1867	2863,67
1868	2863,67
1869	2863,67
1870	2863,67
1871	2863,67
1872	2863,67
1873	2863,67
1874	2863,67
1875	2863,67
1876	2863,67
1877	2863,67
1878	2863,67
1879	2863,67
1880	2863,67
1881	2863,67
1882	2863,67
1883	2863,67
1884	2863,67
1885	2863,67
1886	2863,67
1887	2863,67
1888	2863,67
1889	2863,67
1890	2863,67
1891	2863,67
1892	2863,67
1893	2863,67
1894	2863,67
1895	2863,67
1896	2863,67
1897	2863,67
1898	2863,67
1899	2863,67
1900	2863,67
1901	2863,67
1902	2863,67
1903	2863,67
1904	2863,67
1905	2863,67
1906	2863,67
1907	2863,67
1908	2863,67
1909	2863,67
1910	2863,67
1911	2863,67
1912	2863,67
1913	2863,67
1914	2863,67
1915	2863,67
1916	2863,67
1917	2863,67
1918	2863,67
1919	2863,67
1920	2863,67
1921	2863,67
1922	2863,67
1923	2863,67
1924	2863,67
1925	2863,67
1926	2863,67
1927	2863,67
1928	2863,67
1929	2863,67
1930	2863,67
1931	2863,67
1932	2863,67
1933	2863,67
1934	2863,67
1935	2863,67
1936	2863,67
1937	2863,67
1938	2863,67
1939	2863,67
1940	2863,67
1941	2863,67
1942	2863,67
1943	2863,67
1944	2863,67
1945	2863,67
1946	2863,67
1947	2863,67
1948	2863,67
1949	2863,67
1950	2863,67
1951	2863,67
1952	2863,67
1953	2863,67
1954	2863,67
1955	2863,67
1956	2863,67
1957	2863,67
1958	2863,67
1959	2863,67
1960	2863,67
1961	2863,67
1962	2863,67
1963	2863,67
1964	2863,67
1965	2863,67
1966	2863,67
1967	2863,67
1968	2863,67
1969	2863,67
1970	2863,67
1971	2863,67
1972	2863,67
1973	2863,67
1974	2863,67
1975	2863,67
1976	2863,67
1977	2863,67
1978	2863,67
1979	2863,67
1980	2863,67
1981	2863,67
1982	2863,67
1983	2863,67
1984	2863,67
1985	2863,67
1986	2863,67
1987	2863,67
1988	2863,67
1989	2863,67
1990	2863,67
1991	2863,67
1992	2863,67
1993	2863,67
1994	2863,67
1995	2863,67
1996	2863,67
1997	2863,67
1998	2863,67
1999	2863,67
2000	2863,67
2001	2863,67
2002	2863,67
2003	2863,67
2004	2863,67
2005	2863,67
2006	2863,67
2007	2863,67
2008	2863,67
2009	2863,67
2010	2863,67
2011	2863,67
2012	2863,67
2013	2863,67
2014	2863,67
2015	2863,67
2016	2863,67
2017	2863,67
2018	2863,67
2019	2863,67
2020	2863,67
2021	2863,67
2022	2863,67
2023	2863,67
2024	2863,67
2025	2863,67
2026	2863,67
2027	2863,67
2028	2863,67
2029	2863,67
2030	2863,67
2031	2863,67
2032	2863,67
2033	2863,67
2034	2863,67
2035	2863,67
2036	2863,67
2037	2863,67
2038	2863,67
2039	2863,67
2040	2863,67
2041	2863,67
2042	2863,67
2043	2863,67
2044	2863,67
2045	2863,67
2046	2863,67
2047	2863,67
2048	2863,67
2049	2863,67
2050	2863,67
2051	2863,67
2052	2863,67
2053	2863,67
2054	2863,67
2055	2863,67
2056	2863,67
2057	2863,67
2058	2863,67
2059	2863,67
2060	2863,67
2061	2863,67
2062	2863,67
2063	2863,67
2064	2863,67
2065	2863,67
2066	2863,67
2067	2863,67
2068	2863,67
2069	2863,67
2070	2863,67
2071	2863,67
2072	2863,67
2073	2863,67
2074	2863,67
2075	2863,67
2076	2863,67
2077	2863,67
2078	2863,67
2079	2863,67
2080	2863,67
2081	2863,67
2082	2863,67
2083	2863,67
2084	2863,67
2085	2863,67
2086	2863,67
2087	2863,67
2088	2863,67
2089	2863,67
2090	2863,67
2091	2863,67
2092	2863,67
2093	2863,67
2094	2863,67
2095	2863,67
2096	2863,67
2097	2863,67
2098	2863,67
2099	2863,67
2100	2863,67
2101	2863,67
2102	2863,67
2103	2863,67
2104	2863,67
2105	2863,67
2106	2863,67
2107	2863,67
2108	2863,67
2109	2863,67
2110	2863,67
2111	2863,67
2112	2863,67
2113	2863,67
2114	2863,67
2115	2863,67
2116	2863,67
2117	2863,67
2118	2863,67
2119	2863,67
2120	2863,67
2121	2863,67
2122	2863,67
2123	2863,67
2124	2863,67
2125	2863,67
2126	2863,67
2127	2863,67
2128	2863,67
2129	2863,67
2130	2863,67
2131	2863,67
2132	2863,67
2133	2863,67
2134	2863,67
2135	2863,67
2136	2863,67
2137	2863,67
2138	2863,67
2139	2863,67
2140	2863,67
2141	2863,67
2142	2863,67
2143	2863,67
2144	2863,67
2145	2863,67
2146	2863,67
2147	2863,67
2148	2863,67
2149	2863,67
2150	2863,67
2151	2863,67
2152	2863,67
2153	2863,67
2154	2863,67
2155	2863,67
2156	2863,67
2157	2863,67
2158	2863,67
2159	2863,67
2160	2863,67
2161	2863,67
2162	2863,67
2163	2863,67
2164	2863,67
2165	2863,67
2166	2863,67
2167	2863,67
2168	2863,67
2169	2863,67
2170	2863,67
2171	2863,67
2172	2863,67
2173	2863,67
2174	2863,67
2175	2863,67
2176	2863,67
2177	2863,67
2178	2863,67
2179	2863,67
2180	2863,67
2181	2863,67
2182	2863,67
2183	2863,67
2184	2863,67
2185	2863,67
2186	2863,67
2187	2863,67
2188	2863,67
2189	2863,67
2190	2863,67
2191	2863,67
2192	2863,67
2193	2863,67
2194	2863,67
2195	2863,67
2196	2863,67
2197	2863,67
2198	2863,67
2199	2863,67
2200	2863,67
2201	2863,67
2202	2863,67
2203	2863,67
2204	2863,67
2205	2863,67
2206	2863,67
2207	2863,67
2208	2863,67
2209	2863,67
2210	2863,67
2211	2863,67
2212	2863,67
2213	2863,67
2214	2863,67
2215	2863,67
2216	2863,67
2217	2863,67
2218	2863,67
2219	2863,67
2220	2863,67
2221	2863,67
2222	2863,67
2223	2863,67
2224	2863,67
2225	2863,67
2226	2863,67
2227	2863,67
2228	2863,67
2229	2863,67
2230	2863,67
2231	2863,67
2232	2863,67
2233	2863,67
2234	2863,67
2235	2863,67
2236	2863,67
2237	2863,67
2238	2863,67
2239	2863,67
2240	2863,67
2241	2863,67
2242	2863,67
2243	2863,67
2244	2863,67
2245	2863,67
2246	2863,67
2247	2863,67
2248	2863,67
2249	2863,67
2250	2863,67
2251	2863,67
2252	2863,67
2253	2863,67
2254	2863,67
2255	2863,67
2256	2863,67
2257	2863,67
2258	2863,67
2259	2863,67
2260	2863,67
2261	2863,67
2262	2863,67
2263	2863,67
2264	2863,67
2265	2863,67
2266	2863,67
2267	2863,67
2268	2863,67
2269	2863,67
2270	2863,67
2271	2863,67
2272	2863,67
2273	2863,67
2274	2863,67
2275	2863,67
2276	2863,67
2277	2863,67
2278	2863,67
2279	2863,67
2280	2863,67
2281	2863,67
2282	2863,67
2283	2863,67
2284	2863,67
2285	2863,67
2286	2863,67
2287	2863,67
2288	2863,67
2289	2863,67
2290	2863,67
2291	2863,67
2292	2863,67
2293	2863,67
2294	2863,67
2295	2863,67
2296	2863,67
2297	2863,67
2298	2863,67
2299	2863,67
2300	2863,67
2301	2863,67
2302	2863,67
2303	2863,67
2304	2863,67
2305	2863,67
2306	2863,67
2307	2863,67
2308	2863,67
2309	2863,67
2310	2863,67
2311	2863,67
2312	2863,67
2313	2863,67
2314	2863,67
2315	2863,67
2316	2863,67
2317	2863,67
2318	2863,67
2319	2863,67
2320	2863,67
2321	2863,67
2322	2863,67
2323	2863,67
2324	2863,67
2325	2863,67
2326	2863,67
2327	2863,67
2328	2863,67
2329	2863,67
2330	2863,67
2331	2863,67
2332	2863,67
2333	2863,67
2334	2863,67
2335	2863,67
2336	2863,67
2337	2863,67
2338	2863,67
2339	2863,67
2340	2863,67
2341	2863,67
2342	2863,67
2343	2863,67
2344	2863,67
2345	2863,67
2346	2863,67
2347	2863,67
2348	2863,67
2349	2863,67
2350	2863,67
2351	2863,67
2352	2863,67
2353	2863,67
2354	2863,67
2355	2863,67
2356	2863,67
2357	2863,67
2358	2863,67
2359	2863,67
2360	2863,67
2361	2863,67
2362	2863,67
2363	2863,67
2364	2863,67
2365	2863,67
2366	2863,67
2367	2863,67
2368	2863,67
2369	2863,67
2370	2863,67
2371	2863,67
2372	2863,67
2373	2863,67
2374	2863,67
2375	2863,67
2376	2863,67
2377	2863,67
2378	2863,67
2379	2863,67
2380	2863,67
2381	2863,67
2382	2863,67
2383	2863,67
2384	2863,67
2385	2863,67
2386	2863,67
2387	2863,67
2388	2863,67
2389	2863,67
2390	2863,67
2391	2863,67
2392	2863,67
2393	2863,67
2394	2863,67
2395	2863,67
2396	2863,67
2397	2863,67
2398	2863,67
2399	2863,67
2400	2863,67
2401	2863,67
2402	2863,67
2403	2863,67
2404	2863,67
2405	2863,67
2406	2863,67
2407	2863,67
2408	2863,67
2409	2863,67
2410	2863,67
2411	2863,67
2412	2863,67
2413	2863,67
2414	2863,67
2415	2863,67
2416	2863,67
2417	2863,67
2418	2863,67
2419	2863,67
2420	2863,67
2421	2863,67
2422	2863,67
2423	2863,67
2424	2863,67
2425	2863,67
2426	2863,67
2427	2863,67
2428	2863,67
2429	2863,67
2430	2863,67
2431	2863,67
2432	2863,67
2433	2863,67
2434	2863,67
2435	2863,67
2436	2863,67
2437	2863,67
2438	2863,67
2439	2863,67
2440	2863,67
2441	2863,67
2442	2863,67
2443	2863,67
2444	2863,67
2445	2863,67
2446	2863,67
2447	2863,67
2448	2863,67
2449	2863,67
2450	2863,67
2451	2863,67
2452	2863,67
2453	2863,67
2454	2863,67
2455	2863,67
2456	2863,67
2457	2863,67
2458	2863,67
2459	2863,67
2460	2863,67
2461	2863,67
2462	2863,67
2463	2863,67
2464	2863,67
2465	2863,67
2466	2863,67
2467	2863,67
2468	2863,67
2469	2863,67
2470	2863,67
2471	2863,67
2472	2863,67
2473	2863,67
2474	2863,67
2475	2863,67
2476	2863,67
2477	2863,67
2478	2863,67
2479	2863,67
2480	2863,67
2481	2863,67
2482	2863,67
2483	2863,67
2484	2863,67
2485	2863,67
2486	2863,67
2487	2863,67
2488	2863,67
2489	2863,67
2490	2863,67
2491	2863,67
2492	2863,67
2493	2863,67
2494	2863,67
2495	2863,67
2496	2863,67
2497	2863,67
2498	2863,67
2499	2863,67
2500	2863,67
2501	2863,67
2502	2863,67
2503	2863,67
2504	2863,67
2505	2863,67
2506	2863,67
2507	2863,67
2508	2863,67
2509	2863,67
2510	2863,67
2511	2863,67
2512	2863,67
2513	2863,67
2514	2863,67
2515	2863,67
2516	2863,67
2517	2863,67
2518	2863,67
2519	2863,67
2520	2863,67
2521	2863,67
2522	2863,67
2523	2863,67
2524	2863,67
2525	2863,67
2526	2863,67
2527	2863,67
2528	2863,67
2529	2863,67
2530	2863,67
2531	2863,67
2532	2863,67
2533	2863,67
2534	2863,67
2535	2863,67
2536	2863,67
2537	2863,67
2538	2863,67
2539	2863,67
2540	2863,67
2541	2863,67
2542	2863,67
2543	2863,67
2544	2863,67
2545	2863,67
2546	2863,67
2547	2863,67
2548	2863,67
2549	2863,67
2550	2863,67
2551	2863,67
2552	2863,67
2553	2863,67
2554	2863,67
2555	2863,67
2556	2863,67
2557	2863,67
2558	2863,67
2559	2863,67
2560	2863,67
2561	2863,67
2562	2863,67
2563	2863,67
2564	2863,67
2565	2863,67
2566	2863,67
2567	2863,67
2568	2863,67
2569	2863,67
2570	2863,67
2571	2863,67
2572	2863,67
2573	2863,67
2574	2863,67
2575	2863,67
2576	2863,67
2577	2863,67
2578	2863,67
2579	2863,67
2580	2863,67
2581	2863,67
2582	2863,67
2583	2863,67
2584	2863,67
2585	2863,67
2586	2863,67
2587	2863,67
2588	2863,67
2589	2863,67
2590	2863,67
2591	2863,67
2592	2863,67
2593	2863,67
2594	2863,67
2595	2863,67
2596	2863,67
2597	2863,67
2598	2863,67
2599	2863,67
2600	2863,67
2601	2863,67
2602	2863,67
2603	2863,67
2604	2863,67
2605	2863,67
2606	2863,67
2607	2863,67
2608	2863,67
2609	2863,67
2610	2863,67
2611	2863,67
2612	2863,67
2613	2863,67
2614	2863,67
2615	2863,67
2616	2863,67
2617	2863,67
2618	2863,67
2619	2863,67
2620	2863,67
2621	2863,67
2622	2863,67
2623	2863,67
2624	2863,67
2625	2863,67
2626	2863,67
2627	2863,67
2628	2863,67
2629	2863,67
2630	2863,67
2631	2863,67
2632	2863,67
2633	2863,67
2634	2863,67
2635	2863,67
2636	2863,67
2637	2863,67
2638	2863,67
2639	2863,67
2640	2863,67
2641	2863,67
2642	2863,67
2643	2863,67
2644	2863,67
2645	2863,67
2646	2863,67
2647	2863,67
2648	2863,67
2649	2863,67
2650	2863,67
2651	2863,67
2652	2863,67
2653	2863,67
2654	2863,67
2655	2863,67
2656	2863,67
2657	2863,67
2658	2863,67
2659	2863,67
2660	2863,67
2661	2863,67
2662	2863,67
2663	2863,67
2664	2863,67
2665	2863,67
2666	2863,67
2667	2863,67
2668	2863,67
2669	2863,67
2670	2863,67
2671	2863,67
2672	2863,67
2673	2863,67
2674	2863,67
2675	2863,67
2676	2863,67
2677	2863,67
2678	2863,67
2679	2863,67
2680	2863,67
2681	2863,67
2682	2863,67
2683	2863,67
2684	2863,67
2685	2863,67
2686	2863,67
2687	2863,67
2688	2863,67
2689	2863,67
2690	2863,67
2691	2863,67
2692	2863,67
2693	2863,67
2694	2863,67
2695	2863,67
2696	2863,67
2697	2863,67
2698	2863,67
2699	2863,67
2700	2863,67
2701	2863,67
2702	2863,67
2703	2863,67
2704	2863,67
2705	2863,67
2706	2863,67
2707	2863,67
2708	2863,67
2709	2863,67
2710	2863,67
2711	2863,67
2712	2863,67
2713	2863,67
2714	2863,67
2715	2863,67
2716	2863,67
2717	2863,67
2718	2863,67
2719	2863,67
2720	2863,67
2721	2863,67
2722	2863,67
2723	2863,67
2724	2863,67
2725	2863,67
2726	2863,67
2727	2863,67
2728	2863,67
2729	2863,67
2730	2863,67
2731	2863,67
2732	2863,67
2733	2863,67
2734	2863,67
2735	2863,67
2736	2863,67
2737	2863,67
2738	2863,67
2739	2863,67
2740	2863,67
2741	2863,67
2742	2863,67
2743	2863,67
2744	2863,67
2745	2863,67
2746	2863,67
2747	2863,67
2748	2863,67
2749	2863,67
2750	2863,67
2751	2863,67
2752	2863,67
2753	2863,67
2754	2863,67
2755	2863,67
2756	2863,67
2757	2863,67
2758	2863,67
2759	2863,67
2760	2863,67
2761	2863,67
2762	2863,67
2763	2863,67
2764	2863,67
2765	2863,67
2766	2863,67
2767	2863,67
2768	2863,67
2769	2863,67
2770	2863,67
2771	2863,67
2772	2863,67
2773	2863,67
2774	2863,67
2775	2863,67
2776	2863,67
2777	2863,67
2778	2863,67
2779	2863,67
2780	2863,67
2781	2863,67
2782	2863,67
2783	2863,67
2784	2863,67
2785	2863,67
2786	2863,67
2787	2863,67
2788	2863,67
2789	2863,67
2790	2863,67
2791	2863,67
2792	2863,67
2793	2863,67
2794	2863,67
2795	2863,67
2796	2863,67
2797	2863,67
2798	2863,67
2799	2863,67
2800	2863,67
2801	2863,67
2802	2863,67
2803	2863,67
2804	2863,67
2805	2863,67
2806	2863,67
2807	2863,67
2808	2863,67
2809	2863,67
2810	2863,67
2811	2863,67
2812	2863,67
2813	2863,67
2814	2863,67
2815	2863,67
2816	2863,67
2817	2863,67
2818	2863,67
2819	2863,67
2820	2863,67
2821	2863,67
2822	2863,67
2823	2863,67
2824	2863,67
2825	2863,67
2826	2863,67
2827	2863,67
2828	2863,67
2829	2863,67
2830	2863,67
2831	2863,67
2832	2863,67
2833	2863,67
2834	2863,67
2835	2863,67
2836	2863,67
2837	2863,67
2838	2863,67
2839	2863,67
2840	2863,67
2841	2863,67
2842	2863,67
2843	2863,67
2844	2863,67
2845	2863,67
2846	2863,67
2847	2863,67
2848	2863,67
2849	2863,67
2850	2863,67
2851	2863,67
2852	2863,67
2853	2863,67
2854	2863,67
2855	2863,67
2856	2863,67
2857	2863,67
2858	2863,67
2859	2863,67
2860	2863,67
2861	2863,67
2862	2863,67
2863	2863,67
2864	2863,67
2865	2863,67
2866	2863,67
2867	2863,67
2868	2863,67
2869	2863,67
2870	2863,67
2871	2863,67
2872	2863,67
2873	2863,67
2874	2863,67
2875	2863,67
2876	2863,67
2877	2863,67
2878	2863,67
2879	2863,67
2880	2863,67
2881	2863,67
2882	2863,67
2883	2863,67
2884	2863,67
2885	2863,67
2886	2863,67
2887	2863,67
2888	2863,67
2889	2863,67
2890	2863,67
2891	2863,67
2892	2863,67
2893	2863,67
2894	2863,67
2895	2863,67
2896	2863,67
2897	2863,67
2898	2863,67
2899	2863,67
2900	2863,67
2901	2863,67
2902	2863,67
2903	2863,67
2904	2863,67
2905	2863,67
2906	2863,67
2907	2863,67
2908	2863,67
2909	2863,67
2910	2863,67
2911	2863,67
2912	2863,67
2913	2863,67
2914	2863,67
2915	2863,67
2916	2863,67
2917	2863,67
2918	2863,67
2919	2863,67
2920	2863,67
2921	2863,67
2922	2863,67
2923	2863,67
2924	2863,67
2925	2863,67
2926	2863,67
2927	2863,67
2928	2863,67
2929	2863,67
2930	2863,67
2931	2863,67
2932	2863,67
2933	2863,67
2934	2863,67
2935	2863,67
2936	2863,67
2937	2863,67
2938	2863,67
2939	2863,67
2940	2863,67
2941	2863,67
2942	2863,67
2943	2863,67
2944	2863,67
2945	2863,67
2946	2863,67
2947	2863,67
2948	2863,67
2949	2863,67
2950	2863,67
2951	2863,67
2952	2863,67
2953	2863,67
2954	2863,67
2955	2863,67
2956	2863,67
2957	2863,67
2958	2863,67
