0	18134.27
1	17333.67
2	17110.55
3	16484.81
4	16403.64
5	15819.97
6	15695.16
7	15747.31
8	15560.53
9	15031.80
10	14541.43
11	13682.34
12	13682.34
13	13558.78
14	13485.25
15	13031.84
16	13088.65
17	12858.56
18	12438.30
19	12298.50
20	12636.42
21	12636.42
22	11851.71
23	11835.71
24	11648.40
25	11648.40
26	11521.06
27	11543.32
28	11413.77
29	11410.77
30	11401.48
31	11401.41
32	11229.46
33	11229.46
34	11117.79
35	11073.16
36	10959.67
37	10959.67
38	10935.05
39	10814.06
40	10709.84
41	10555.11
42	10555.11
43	10511.87
44	10511.87
45	10447.76
46	10325.72
47	10325.72
48	10212.52
49	10162.53
50	10162.53
51	10146.09
52	10051.67
53	10032.89
54	9938.39
55	9870.06
56	9863.87
57	9746.23
58	9661.80
59	9631.86
60	9623.70
61	9463.29
62	9396.85
63	9396.85
64	9396.85
65	9396.85
66	9362.23
67	9362.23
68	9343.31
69	9337.00
70	9302.66
71	9286.15
72	9253.30
73	9253.30
74	9155.05
75	9138.74
76	9128.22
77	9034.90
78	9034.90
79	9034.90
80	8985.74
81	8957.17
82	8951.09
83	8898.08
84	8898.08
85	8820.35
86	8741.82
87	8741.82
88	8741.09
89	8741.09
90	8737.32
91	8675.04
92	8659.59
93	8659.59
94	8655.70
95	8655.70
96	8602.80
97	8486.29
98	8486.29
99	8486.29
100	8486.29
101	8486.29
102	8416.00
103	8416.00
104	8348.59
105	8348.59
106	8348.59
107	8236.14
108	8223.84
109	8223.84
110	8223.84
111	8223.84
112	8189.50
113	8189.50
114	8151.51
115	8111.32
116	8111.32
117	8111.32
118	8111.32
119	8111.32
120	8089.53
121	8089.53
122	8089.53
123	8048.21
124	8048.21
125	8048.21
126	8042.99
127	8042.99
128	7990.84
129	7990.84
130	7990.84
131	7990.84
132	7990.84
133	7987.99
134	7890.85
135	7890.85
136	7890.85
137	7862.02
138	7862.02
139	7862.02
140	7793.53
141	7793.53
142	7791.42
143	7791.42
144	7775.28
145	7775.28
146	7751.00
147	7751.00
148	7751.00
149	7728.50
150	7713.52
151	7707.39
152	7707.39
153	7707.39
154	7669.91
155	7655.71
156	7655.62
157	7644.97
158	7609.89
159	7609.89
160	7609.89
161	7582.62
162	7582.62
163	7582.62
164	7556.55
165	7534.96
166	7534.96
167	7534.74
168	7534.74
169	7510.66
170	7510.66
171	7510.66
172	7484.92
173	7484.92
174	7484.92
175	7484.92
176	7452.37
177	7452.37
178	7452.37
179	7452.37
180	7438.23
181	7417.06
182	7416.32
183	7416.32
184	7416.32
185	7400.62
186	7400.62
187	7400.62
188	7400.62
189	7400.62
190	7388.81
191	7387.83
192	7387.83
193	7376.21
194	7376.21
195	7376.21
196	7376.21
197	7369.24
198	7369.24
199	7354.07
200	7349.30
201	7349.30
202	7349.30
203	7336.94
204	7336.94
205	7273.71
206	7273.71
207	7273.71
208	7256.71
209	7256.71
210	7256.71
211	7256.71
212	7256.71
213	7256.71
214	7250.85
215	7245.52
216	7244.35
217	7244.35
218	7244.35
219	7244.35
220	7244.35
221	7244.35
222	7232.43
223	7225.68
224	7218.27
225	7218.27
226	7218.27
227	7192.28
228	7192.28
229	7192.28
230	7187.58
231	7187.58
232	7187.58
233	7187.58
234	7187.58
235	7178.58
236	7178.58
237	7176.80
238	7173.89
239	7173.89
240	7173.31
241	7164.67
242	7164.67
243	7164.67
244	7131.55
245	7131.55
246	7131.55
247	7125.38
248	7125.38
249	7125.38
250	7124.39
251	7124.39
252	7124.39
253	7124.39
254	7124.39
255	7124.39
256	7124.39
257	7124.39
258	7118.53
259	7118.53
260	7099.22
261	7097.44
262	7097.44
263	7087.38
264	7087.38
265	7069.16
266	7069.16
267	7069.16
268	7069.16
269	7069.16
270	7064.47
271	7064.47
272	7055.02
273	7055.02
274	7055.02
275	7055.02
276	7042.66
277	7042.66
278	7042.66
279	7042.66
280	7038.57
281	7038.57
282	7038.57
283	7038.57
284	7038.57
285	7038.57
286	7038.57
287	7034.29
288	7034.29
289	7034.29
290	7022.44
291	7022.44
292	7022.44
293	6999.21
294	6999.21
295	6999.21
296	6999.21
297	6999.21
298	6999.21
299	6999.21
300	6994.52
301	6994.52
302	6987.34
303	6987.34
304	6987.34
305	6987.34
306	6987.34
307	6987.34
308	6987.34
309	6987.34
310	6971.21
311	6971.21
312	6971.21
313	6971.21
314	6965.35
315	6965.35
316	6965.35
317	6965.35
318	6965.35
319	6965.35
320	6958.57
321	6958.57
322	6958.57
323	6958.57
324	6958.57
325	6940.16
326	6940.16
327	6940.16
328	6940.16
329	6940.16
330	6940.16
331	6920.16
332	6920.16
333	6920.16
334	6920.16
335	6920.16
336	6911.14
337	6911.14
338	6911.14
339	6909.94
340	6906.02
341	6906.02
342	6906.02
343	6906.02
344	6906.02
345	6906.02
346	6906.02
347	6906.02
348	6906.02
349	6906.02
350	6897.25
351	6850.25
352	6850.25
353	6850.25
354	6844.08
355	6844.08
356	6844.08
357	6844.08
358	6844.08
359	6844.08
360	6844.08
361	6844.08
362	6844.08
363	6844.08
364	6844.08
365	6844.08
366	6844.08
367	6844.08
368	6844.08
369	6844.08
370	6844.08
371	6844.08
372	6844.08
373	6844.08
374	6844.08
375	6844.08
376	6844.08
377	6844.08
378	6844.08
379	6833.50
380	6833.50
381	6833.50
382	6833.50
383	6833.50
384	6833.50
385	6833.50
386	6833.50
387	6833.50
388	6823.43
389	6823.21
390	6815.28
391	6803.43
392	6803.43
393	6803.43
394	6803.43
395	6803.43
396	6803.43
397	6803.43
398	6803.43
399	6803.43
400	6794.67
401	6794.67
402	6794.67
403	6794.67
404	6794.67
405	6794.67
406	6786.39
407	6786.39
408	6786.39
409	6786.39
410	6783.77
411	6783.77
412	6783.77
413	6777.17
414	6777.17
415	6777.17
416	6777.17
417	6777.17
418	6777.17
419	6777.17
420	6777.17
421	6777.17
422	6724.61
423	6724.61
424	6724.61
425	6724.61
426	6724.61
427	6724.61
428	6720.54
429	6720.54
430	6720.54
431	6720.54
432	6720.54
433	6720.54
434	6720.54
435	6710.47
436	6710.47
437	6710.47
438	6710.47
439	6710.47
440	6710.47
441	6710.47
442	6710.47
443	6710.47
444	6710.47
445	6710.47
446	6710.47
447	6710.47
448	6710.47
449	6710.47
450	6710.47
451	6710.47
452	6710.47
453	6710.47
454	6689.01
455	6689.01
456	6689.01
457	6689.01
458	6689.01
459	6689.01
460	6689.01
461	6689.01
462	6689.01
463	6682.41
464	6682.41
465	6682.41
466	6682.41
467	6682.41
468	6682.41
469	6669.01
470	6669.01
471	6669.01
472	6669.01
473	6669.01
474	6669.01
475	6669.01
476	6669.01
477	6669.01
478	6669.01
479	6669.01
480	6667.22
481	6667.22
482	6667.22
483	6667.22
484	6667.22
485	6667.22
486	6667.22
487	6667.22
488	6667.22
489	6667.22
490	6656.47
491	6656.47
492	6656.47
493	6656.47
494	6641.66
495	6627.51
496	6627.51
497	6627.51
498	6627.51
499	6627.51
500	6627.51
501	6627.51
502	6627.51
503	6627.51
504	6627.51
505	6627.51
506	6625.73
507	6625.73
508	6621.66
509	6621.66
510	6621.66
511	6621.66
512	6621.66
513	6621.66
514	6621.66
515	6621.66
516	6621.66
517	6621.66
518	6619.87
519	6619.87
520	6619.44
521	6617.58
522	6617.58
523	6617.58
524	6617.58
525	6617.58
526	6617.58
527	6617.58
528	6617.58
529	6617.58
530	6617.58
531	6617.58
532	6617.58
533	6609.30
534	6609.30
535	6609.30
536	6609.30
537	6609.30
538	6609.30
539	6609.30
540	6609.30
541	6609.30
542	6609.30
543	6609.30
544	6609.30
545	6609.30
546	6609.30
547	6609.30
548	6609.30
549	6609.30
550	6609.04
551	6609.04
552	6609.04
553	6609.04
554	6609.04
555	6608.23
556	6608.23
557	6608.23
558	6608.23
559	6608.23
560	6608.23
561	6608.23
562	6608.23
563	6608.23
564	6608.23
565	6608.23
566	6600.75
567	6600.75
568	6600.75
569	6600.75
570	6600.75
571	6600.75
572	6600.75
573	6600.75
574	6600.75
575	6600.75
576	6600.75
577	6600.75
578	6600.75
579	6600.75
580	6600.75
581	6600.75
582	6600.75
583	6600.75
584	6600.75
585	6598.97
586	6598.97
587	6598.97
588	6598.97
589	6598.97
590	6596.06
591	6596.06
592	6596.06
593	6596.06
594	6596.06
595	6596.06
596	6596.06
597	6596.06
598	6596.06
599	6596.06
600	6596.06
601	6596.06
602	6596.06
603	6590.20
604	6590.20
605	6590.20
606	6587.08
607	6587.08
608	6587.08
609	6587.08
610	6587.08
611	6587.08
612	6587.08
613	6587.08
614	6587.08
615	6587.08
616	6587.08
617	6587.08
618	6587.08
619	6587.08
620	6584.86
621	6584.86
622	6584.86
623	6584.86
624	6584.86
625	6584.86
626	6584.86
627	6584.86
628	6584.86
629	6584.86
630	6576.40
631	6576.40
632	6576.40
633	6576.40
634	6576.40
635	6572.44
636	6572.44
637	6572.44
638	6572.44
639	6572.44
640	6572.44
641	6572.44
642	6572.44
643	6572.44
644	6572.44
645	6572.44
646	6572.44
647	6572.44
648	6572.44
649	6572.44
650	6572.44
651	6572.44
652	6572.44
653	6572.44
654	6572.44
655	6572.44
656	6572.44
657	6572.44
658	6572.44
659	6572.44
660	6572.44
661	6572.44
662	6572.44
663	6572.44
664	6572.44
665	6572.44
666	6572.44
667	6572.44
668	6571.37
669	6571.37
670	6571.37
671	6571.37
672	6571.37
673	6571.37
674	6571.37
675	6571.37
676	6571.37
677	6571.37
678	6571.37
679	6571.37
680	6569.15
681	6569.15
682	6569.15
683	6569.15
684	6569.15
685	6569.15
686	6569.15
687	6569.15
688	6569.15
689	6569.15
690	6569.15
691	6569.15
692	6569.15
693	6569.15
694	6569.15
695	6569.15
696	6569.15
697	6569.15
698	6569.15
699	6567.37
700	6567.37
701	6567.37
702	6567.37
703	6567.37
704	6567.37
705	6567.37
706	6567.37
707	6567.37
708	6567.37
709	6567.37
710	6567.37
711	6567.37
712	6567.37
713	6567.37
714	6567.37
715	6567.37
716	6567.37
717	6567.37
718	6559.08
719	6559.08
720	6559.08
721	6559.08
722	6559.08
723	6559.08
724	6559.08
725	6559.08
726	6559.08
727	6559.08
728	6559.08
729	6559.08
730	6559.08
731	6555.52
732	6555.52
733	6555.52
734	6555.52
735	6555.52
736	6555.52
737	6555.52
738	6555.52
739	6555.52
740	6555.52
741	6555.52
742	6555.52
743	6555.52
744	6555.52
745	6555.52
746	6555.52
747	6555.52
748	6555.52
749	6555.52
750	6555.52
751	6555.52
752	6555.52
753	6555.52
754	6555.52
755	6546.32
756	6546.32
757	6546.32
758	6546.32
759	6546.32
760	6546.32
761	6546.32
762	6546.32
763	6546.32
764	6546.32
765	6546.32
766	6546.32
767	6546.32
768	6546.32
769	6546.32
770	6546.32
771	6546.32
772	6546.32
773	6546.32
774	6546.32
775	6546.32
776	6546.32
777	6546.32
778	6546.32
779	6546.32
780	6546.32
781	6546.32
782	6546.32
783	6546.32
784	6542.25
785	6542.25
786	6542.25
787	6542.25
788	6542.25
789	6542.25
790	6542.25
791	6542.25
792	6542.25
793	6542.25
794	6542.25
795	6542.25
796	6542.25
797	6542.25
798	6542.25
799	6542.25
800	6542.25
801	6542.25
802	6542.25
803	6542.25
804	6542.25
805	6542.25
806	6542.25
807	6542.25
808	6542.25
809	6542.25
810	6542.25
811	6542.25
812	6542.25
813	6542.25
814	6542.25
815	6542.25
816	6542.25
817	6542.25
818	6542.25
819	6542.25
820	6542.25
821	6542.25
822	6542.25
823	6542.25
824	6542.25
825	6542.25
826	6542.25
827	6542.25
828	6542.25
829	6542.25
830	6540.02
831	6540.02
832	6540.02
833	6540.02
834	6540.02
835	6540.02
836	6540.02
837	6540.02
838	6540.02
839	6530.32
840	6530.32
841	6530.32
842	6530.32
843	6530.32
844	6530.32
845	6530.32
846	6530.32
847	6526.24
848	6526.24
849	6526.24
850	6526.24
851	6526.24
852	6526.24
853	6524.46
854	6524.46
855	6524.46
856	6524.46
857	6524.46
858	6524.46
859	6524.46
860	6524.46
861	6524.46
862	6524.46
863	6524.46
864	6524.46
865	6524.46
866	6524.46
867	6524.46
868	6524.46
869	6524.46
870	6514.36
871	6514.36
872	6514.36
873	6514.36
874	6514.36
875	6514.36
876	6514.36
877	6514.36
878	6514.36
879	6481.49
880	6481.49
881	6481.49
882	6481.49
883	6481.49
884	6481.49
885	6481.49
886	6477.64
887	6477.64
888	6477.64
889	6477.64
890	6477.64
891	6477.64
892	6477.64
893	6477.64
894	6477.64
895	6477.64
896	6477.64
897	6477.64
898	6477.64
899	6477.64
900	6475.86
901	6475.86
902	6475.86
903	6475.86
904	6475.86
905	6475.86
906	6475.86
907	6475.86
908	6475.86
909	6475.86
910	6475.86
911	6475.86
912	6475.86
913	6475.86
914	6475.86
915	6475.86
916	6475.86
917	6475.86
918	6475.86
919	6475.86
920	6475.86
921	6475.86
922	6475.86
923	6475.86
924	6475.86
925	6475.86
926	6475.86
927	6475.86
928	6475.86
929	6475.86
930	6475.86
931	6475.86
932	6475.86
933	6475.86
934	6475.86
935	6475.86
936	6475.86
937	6473.56
938	6473.56
939	6473.56
940	6473.56
941	6465.28
942	6465.28
943	6465.28
944	6465.28
945	6465.28
946	6465.28
947	6465.28
948	6465.28
949	6465.28
950	6463.06
951	6463.06
952	6463.06
953	6463.06
954	6463.06
955	6463.06
956	6463.06
957	6463.06
958	6463.06
959	6463.06
960	6463.06
961	6463.06
962	6463.06
963	6463.06
964	6463.06
965	6463.06
966	6463.06
967	6460.63
968	6460.63
969	6454.77
970	6454.77
971	6454.77
972	6454.77
973	6454.77
974	6454.77
975	6454.77
976	6454.77
977	6454.77
978	6454.77
979	6454.77
980	6447.99
981	6447.99
982	6447.99
983	6447.99
984	6447.99
985	6447.99
986	6447.99
987	6447.99
988	6447.31
989	6447.31
990	6447.31
991	6447.31
992	6447.31
993	6447.31
994	6447.31
995	6447.31
996	6447.31
997	6447.31
998	6447.31
999	6447.31
1000	6447.31
1001	6447.31
1002	6447.31
1003	6447.31
1004	6447.31
1005	6447.31
1006	6447.31
1007	6447.31
1008	6447.31
1009	6447.31
1010	6447.31
1011	6447.31
1012	6447.31
1013	6447.31
1014	6447.31
1015	6447.31
1016	6447.31
1017	6447.31
1018	6447.31
1019	6447.31
1020	6447.31
1021	6447.31
1022	6447.31
1023	6447.31
1024	6447.31
1025	6447.31
1026	6447.31
1027	6447.31
1028	6447.31
1029	6447.31
1030	6437.26
1031	6437.26
1032	6437.26
1033	6437.26
1034	6436.22
1035	6436.22
1036	6436.22
1037	6436.22
1038	6436.22
1039	6436.22
1040	6436.22
1041	6436.22
1042	6436.22
1043	6436.22
1044	6436.22
1045	6436.22
1046	6436.22
1047	6436.22
1048	6436.22
1049	6436.22
1050	6436.22
1051	6436.22
1052	6436.22
1053	6436.22
1054	6436.22
1055	6436.22
1056	6436.22
1057	6436.22
1058	6436.22
1059	6436.22
1060	6436.22
1061	6436.22
1062	6436.22
1063	6436.22
1064	6436.22
1065	6422.07
