3358.11
1	1	170.71	26	0 24 32 40 39 31 23 7 0
1	2	176.08	54	0 6 14 22 38 30 36 28 20 12 4 0
1	3	176.08	54	0 1 9 17 33 25 34 26 18 10 2 0
1	4	178.88	60	0 3 11 19 27 35 153 13 5 8 0
1	5	126.06	23	0 15 16 37 29 21 0
2	1	141.42	27	0 48 56 64 72 80 0
2	2	176.08	34	0 45 61 69 77 67 75 43 0
2	3	170.71	54	0 44 52 60 68 76 78 70 62 54 46 0
2	4	170.71	54	0 41 49 57 65 73 74 66 58 50 42 0
2	5	177.90	47	0 47 55 63 71 79 53 59 51 0
3	1	152.56	59	0 85 93 101 88 96 119 111 103 95 0
3	2	174.34	22	0 87 104 112 120 117 109 0
3	3	170.71	54	0 83 91 99 107 115 114 106 98 90 82 0
3	4	170.71	54	0 86 94 102 110 118 116 108 100 92 84 0
3	5	141.42	27	0 113 105 97 89 81 0
4	1	174.30	54	0 124 129 137 145 138 139 131 123 0
4	2	178.99	42	0 121 132 140 148 156 158 150 142 134 0
4	3	176.77	53	0 133 141 149 157 144 136 151 143 135 128 0
4	4	174.14	38	0 122 130 146 154 155 147 125 0
4	5	179.52	28	0 127 152 160 159 126 0
