4363.55
1	1	163.36	461	0 85 169 52 219 15 102 233 176 136 59 0
1	2	236.53	490	0 46 144 192 218 239 119 149 151 50 91 187 0
1	3	210.05	460	0 97 51 127 40 24 201 132 105 0
1	4	142.38	462	0 171 181 162 75 243 16 6 165 222 0
1	5	115.25	449	0 178 210 41 110 60 158 20 109 0
1	6	108.57	491	0 196 48 216 180 63 23 0
1	7	241.64	500	0 226 78 32 67 147 159 134 29 227 92 0
1	8	174.85	462	0 37 116 126 104 141 25 246 208 199 44 111 0
1	9	123.36	350	0 98 240 107 212 143 174 0
1	10	279.82	496	0 128 200 152 156 35 184 247 45 14 117 0
1	11	198.72	483	0 77 88 86 94 245 93 161 179 22 120 236 0
2	1	141.89	457	0 224 43 223 122 39 38 225 235 0
2	2	208.44	487	0 101 214 10 66 168 47 55 17 175 56 242 241 11 193 0
2	3	95.95	445	0 125 64 163 69 177 237 82 0
2	4	206.84	419	0 195 27 173 228 53 137 18 54 204 198 73 96 0
2	5	125.75	495	0 13 167 89 121 106 248 153 9 114 0
2	6	114.44	477	0 2 217 83 206 65 220 36 0
2	7	154.44	457	0 238 42 197 194 103 113 80 131 57 203 0
2	8	164.62	498	0 190 8 123 118 3 135 84 146 62 249 157 0
2	9	91.29	435	0 148 26 230 189 150 183 58 170 0
3	1	91.58	473	0 100 115 244 108 232 142 0
3	2	177.74	458	0 209 145 188 34 95 182 28 160 7 164 21 0
3	3	143.06	434	0 138 186 81 4 87 154 76 155 70 99 0
3	4	173.20	493	0 72 19 5 133 12 49 129 205 31 0
3	5	276.60	489	0 234 68 231 202 139 1 229 71 221 211 90 61 130 124 30 185 0
3	6	203.17	485	0 172 140 74 215 213 112 166 207 191 79 33 0
