1063,63
1	1	43,44	92	0 87 97 95 94 6 89 0
1	2	41,63	95	0 58 40 26 53 13 0
1	3	49,30	96	0 37 98 85 61 99 96 0
1	4	76,30	100	0 5 84 17 86 16 100 0
1	5	75,21	96	0 21 56 39 67 23 0
1	6	53,29	96	0 74 75 22 41 15 57 2 0
1	7	85,91	97	0 42 43 14 38 44 91 93 59 92 0
1	8	74,12	100	0 12 54 55 25 4 72 73 0
2	1	110,92	100	0 69 27 28 80 24 29 78 34 35 20 30 70 0
2	2	57,36	100	0 76 77 68 3 79 50 0
2	3	112,16	94	0 83 8 46 36 49 64 63 90 10 0
2	4	51,94	96	0 1 33 81 51 31 0
2	5	52,89	97	0 88 7 82 48 62 0
2	6	88,06	99	0 9 71 65 66 32 0
2	7	91,12	100	0 11 19 47 45 60 18 52 0
