1135,07
1	1	53,76	99	0 91 14 43 42 87 97 93 0
1	2	36,85	95	0 100 59 96 60 5 85 0
1	3	87,46	98	0 99 6 89 18 83 8 46 45 17 84 61 0
1	4	81,55	98	0 92 95 94 13 15 38 0
1	5	26,60	95	0 16 86 44 0
2	1	37,32	91	0 4 39 56 75 74 72 0
2	2	68,52	98	0 55 25 67 23 73 21 0
2	3	47,22	92	0 40 58 26 12 0
2	5	105,52	94	0 22 41 57 2 53 80 68 29 24 54 0
3	1	88,54	99	0 62 7 52 79 30 0
3	2	96,16	100	0 90 32 20 9 35 34 33 1 69 0
3	3	85,35	99	0 70 66 65 71 51 50 0
3	4	133,97	100	0 19 36 49 64 63 81 78 0
3	5	66,58	100	0 11 47 48 82 31 0
3	6	119,66	100	0 3 77 76 28 27 37 98 88 10 0
