1007,18
1	1	35,12	79	0 84 61 85 59 0
1	2	66,00	98	0 86 38 44 16 0
1	3	61,69	97	0 45 8 82 18 89 6 96 99 5 0
1	4	87,72	100	0 83 48 36 46 17 93 60 0
2	2	84,40	97	0 80 79 33 81 35 34 78 29 24 54 0
2	3	77,82	100	0 26 4 39 67 25 55 0
2	4	40,81	97	0 68 3 77 76 28 12 0
3	1	80,94	100	0 58 92 98 37 100 91 14 43 15 42 0
3	2	64,27	96	0 57 41 22 73 21 40 53 13 0
3	3	31,88	92	0 94 95 97 87 2 0
3	4	52,27	82	0 72 56 23 75 74 0
4	1	70,94	99	0 88 7 19 11 32 30 70 0
4	2	86,74	96	0 66 65 71 9 50 1 0
4	3	63,77	88	0 69 51 20 10 62 31 0
4	4	102,82	99	0 27 52 47 49 64 63 90 0
