9903,67
1	1	486,17	499	0 84 169 85 240 143 23 120 186 61 54 36 0
1	2	490,14	497	0 203 57 123 213 165 105 92 117 86 4 0
1	3	396,25	498	0 83 2 101 8 185 19 229 1 231 142 209 76 0
1	4	298,51	499	0 135 25 246 22 200 179 161 46 63 152 74 96 0
1	5	393,17	497	0 190 3 141 6 176 67 158 80 103 194 0
1	6	240,02	496	0 220 224 157 223 38 113 0
1	7	304,69	497	0 39 75 162 136 226 66 241 13 89 248 26 0
1	9	469,20	491	0 116 126 111 196 77 98 227 29 159 40 168 0
1	10	347,82	500	0 204 104 199 128 245 184 35 188 145 108 0
1	11	585,24	498	0 27 228 53 221 133 124 170 237 219 14 212 94 119 34 0
1	12	314,20	348	0 181 32 175 214 189 121 0
1	13	308,20	495	0 195 150 106 230 112 215 172 100 244 0
1	14	380,81	493	0 132 109 110 127 59 102 122 197 42 238 0
2	1	448,54	500	0 93 28 115 99 232 234 138 173 153 131 10 0
2	2	375,77	490	0 156 239 118 146 43 242 15 233 47 55 24 0
2	3	361,35	490	0 79 207 198 58 64 16 52 222 37 0
2	4	555,88	478	0 140 69 73 18 202 81 107 88 151 0
2	5	495,34	500	0 7 21 205 49 166 243 48 174 51 147 0
2	6	551,26	500	0 160 33 31 71 70 95 247 149 20 78 0
2	7	480,02	500	0 191 5 130 137 206 183 9 148 56 178 0
2	8	489,96	489	0 164 155 72 129 65 235 201 17 0
2	10	293,24	481	0 180 216 192 50 91 236 60 134 97 0
2	11	453,36	492	0 208 68 139 211 90 12 30 217 167 11 225 82 0
2	13	384,52	481	0 44 171 41 210 45 187 144 218 182 154 87 0
