12161,09
1	1	443,48	496	0 222 175 82 101 72 156 180 0
1	2	363,09	400	0 187 95 246 146 43 97 0
1	3	472,17	483	0 23 161 216 87 108 205 79 237 132 227 0
1	6	607,44	492	0 212 192 221 5 213 62 235 168 47 176 59 210 0
1	7	505,62	494	0 45 199 6 8 123 3 204 54 197 233 102 67 0
1	8	551,90	499	0 116 137 124 90 211 1 202 172 140 188 35 239 174 0
1	12	505,04	500	0 117 128 93 245 25 74 228 65 249 84 0
2	1	690,79	498	0 27 49 155 144 247 63 109 17 190 0
2	2	425,55	498	0 163 241 66 171 52 243 16 165 208 185 195 0
2	3	618,48	488	0 223 201 147 29 110 178 184 76 139 231 71 207 0
2	4	620,67	500	0 2 83 133 229 34 151 77 37 181 136 103 0
2	5	472,22	457	0 167 121 206 217 18 177 219 158 32 0
2	7	603,47	498	0 38 39 159 14 149 218 164 198 173 9 0
2	8	155,34	490	0 11 131 153 150 36 183 170 0
2	9	619,03	489	0 130 129 104 160 119 88 50 111 60 135 118 0
2	12	524,64	498	0 125 57 42 194 24 226 94 114 0
3	1	431,35	499	0 234 232 100 7 200 179 107 120 105 44 126 186 21 0
3	2	547,21	488	0 154 98 41 85 122 10 238 112 191 0
3	3	529,45	497	0 19 215 69 242 56 169 134 22 46 152 28 0
3	4	598,99	498	0 31 166 96 220 89 13 203 225 55 127 78 15 0
3	5	645,53	499	0 182 141 75 51 80 64 214 193 148 230 248 106 189 58 0
3	6	133,93	493	0 68 142 99 70 209 145 115 4 81 138 33 0
3	7	518,18	473	0 73 113 162 91 86 244 0
3	8	577,52	499	0 30 224 157 20 40 26 53 12 61 0
