12676,44
1	1	321,46	295	0 59 122 10 238 42 168 147 0
1	2	437,36	478	0 132 226 235 57 203 89 193 62 118 3 51 0
1	3	416,27	495	0 212 98 92 216 111 196 159 0
1	4	523,50	326	0 247 45 222 88 41 110 93 0
1	5	514,03	416	0 240 107 6 116 60 210 117 134 29 199 22 23 0
1	6	312,71	411	0 161 143 227 243 120 187 236 0
1	7	444,34	392	0 63 180 169 20 91 46 85 200 0
1	8	416,70	363	0 128 178 44 126 48 97 181 14 0
2	1	490,88	496	0 248 114 234 231 139 232 99 108 115 163 0
2	2	243,10	349	0 214 167 121 38 176 136 0
2	3	282,89	449	0 157 242 56 146 190 135 16 15 32 78 0
2	4	344,30	369	0 64 13 224 153 26 177 194 0
2	5	385,23	331	0 40 249 82 24 101 0
2	6	401,07	404	0 201 237 225 131 219 66 52 0
2	7	466,60	263	0 223 17 125 39 127 84 233 0
2	8	638,03	497	0 75 172 68 70 209 164 7 208 151 86 162 47 80 113 103 0
3	3	159,74	108	0 58 83 130 0
3	4	364,34	496	0 18 195 221 36 106 150 183 65 0
3	5	237,29	493	0 185 72 211 129 191 19 12 53 0
3	6	383,88	490	0 217 49 230 206 137 61 96 166 207 0
3	7	1048,62	497	0 79 112 90 189 5 1 31 73 220 173 229 124 71 27 0
3	8	606,88	500	0 54 204 170 8 2 205 33 30 198 133 213 228 0
4	1	513,08	468	0 77 174 109 102 175 55 197 11 241 43 69 123 0
4	2	497,75	363	0 148 9 171 67 158 105 165 37 0
4	3	301,75	312	0 179 246 140 138 202 0
4	4	314,09	325	0 141 81 34 244 25 0
4	5	379,99	481	0 239 100 245 50 186 145 0
4	6	560,59	377	0 155 104 144 188 87 154 28 152 76 35 0
4	7	289,84	421	0 218 192 156 215 21 4 160 0
4	8	380,15	441	0 142 95 182 119 149 94 184 74 0
