5728,22
1	1	224,99	492	0 161 212 240 98 178 20 29 132 0
1	3	184,65	487	0 227 85 37 22 179 128 48 0
1	4	151,69	493	0 111 222 109 158 60 110 41 210 92 0
1	5	298,37	493	0 44 199 25 126 116 6 171 165 236 23 143 14 107 45 196 0
1	6	308,82	493	0 105 97 181 16 141 160 28 34 182 200 120 0
2	1	91,64	325	0 55 168 103 113 197 80 66 0
2	3	215,44	499	0 17 24 201 51 67 169 52 233 176 38 56 0
2	4	296,86	499	0 194 10 238 131 214 241 134 159 147 127 40 0
2	5	188,43	495	0 78 32 226 136 59 75 219 39 84 146 43 242 0
2	6	188,07	499	0 162 15 102 122 223 225 11 42 47 175 0
3	1	175,46	489	0 192 184 35 87 76 154 188 95 0
3	3	263,26	492	0 4 164 7 246 208 63 46 93 91 77 88 151 94 149 218 0
3	5	163,36	437	0 216 50 245 247 86 119 239 0
3	6	195,71	465	0 156 152 180 174 117 187 144 0
4	1	246,53	484	0 135 3 190 198 54 228 53 65 206 83 0
4	2	268,85	496	0 204 73 96 112 8 123 118 193 148 26 89 121 106 189 0
4	3	157,53	474	0 163 177 62 249 224 64 18 0
4	4	161,46	460	0 27 2 170 230 9 125 157 0
4	5	236,79	497	0 69 237 82 235 203 101 114 13 167 36 217 0
4	6	185,42	401	0 137 173 183 150 58 57 0
5	1	292,71	492	0 207 166 243 74 100 244 138 19 0
5	2	197,45	498	0 191 79 33 231 232 99 70 108 21 185 0
5	3	283,92	490	0 211 31 155 145 81 186 172 215 72 0
5	4	223,43	290	0 195 153 248 220 124 12 0
5	5	270,52	478	0 234 140 104 213 30 49 130 129 61 90 0
5	6	256,86	497	0 115 209 68 142 202 139 1 229 71 205 221 133 5 0
