2887,83
1	1	361,41	58	0 13 11 26 34 27 35 153 19 21 29 37 158 40 32 24 16 8 0
1	2	196,08	58	0 7 15 23 31 39 74 65 73 38 30 22 14 6 0
1	3	194,79	58	0 4 12 20 28 36 33 25 17 9 18 2 0
1	4	62,43	44	0 5 3 10 1 0
2	1	170,71	54	0 46 54 62 70 78 79 71 63 55 47 0
2	2	136,57	48	0 48 56 64 72 69 61 53 45 0
2	3	68,28	44	0 42 50 51 43 0
2	4	128,48	51	0 41 49 57 76 68 60 52 44 0
3	1	268,93	54	0 81 89 97 105 113 75 67 59 66 58 77 116 108 100 0
3	2	247,79	59	0 86 87 95 103 96 101 109 117 115 160 107 99 0
3	3	291,54	60	0 85 93 104 112 120 119 111 118 80 110 102 94 92 84 0
3	4	134,34	59	0 82 90 98 106 114 91 83 88 0
4	1	147,80	53	0 124 132 140 148 156 145 137 129 121 0
4	2	147,80	53	0 127 135 143 151 159 150 142 134 126 0
4	3	156,08	53	0 123 133 141 149 157 152 144 136 128 0
4	4	174,79	54	0 125 131 139 147 155 154 146 138 130 122 0
