2852,94
1	1	189,02	54	0 8 16 24 32 40 75 113 158 21 13 5 0
1	2	189,57	57	0 7 15 23 31 39 65 73 38 30 22 14 6 0
1	3	170,71	54	0 1 9 17 25 33 36 28 20 12 4 0
1	4	188,93	55	0 3 11 19 27 153 35 34 26 18 10 2 0
2	1	180,40	58	0 46 52 60 68 76 57 74 66 58 50 42 0
2	2	128,48	51	0 48 56 64 77 69 61 53 45 0
2	3	148,10	46	0 41 49 67 59 51 43 0
2	4	174,79	54	0 47 55 63 71 79 78 70 62 54 44 0
3	1	189,57	57	0 86 94 102 110 118 80 72 116 108 100 92 84 0
3	2	100,00	27	0 85 93 101 109 117 0
3	3	170,62	52	0 83 91 99 106 105 97 89 81 0
3	4	180,00	40	0 82 90 98 114 159 151 143 135 0
3	5	170,71	54	0 87 95 103 111 119 120 112 104 96 88 0
4	1	170,71	54	0 123 131 139 147 155 157 149 141 133 125 0
4	2	176,57	56	0 126 134 142 150 29 37 156 148 140 132 124 0
4	3	147,80	53	0 122 130 138 146 154 145 137 129 121 0
4	4	176,96	42	0 127 107 115 160 152 144 136 128 0
