2756,09
1	1	170,71	54	0 8 16 24 32 40 37 29 21 13 5 0
1	2	170,71	54	0 1 9 17 25 33 36 28 20 12 4 0
1	4	170,71	54	0 3 11 19 27 35 34 26 18 10 2 0
1	5	170,71	54	0 7 15 23 31 39 38 30 22 14 6 0
2	1	178,99	54	0 46 54 62 70 78 76 68 60 52 41 0
2	3	178,99	54	0 43 51 59 67 75 77 69 61 53 48 0
2	4	174,79	54	0 42 50 58 66 74 73 65 57 49 44 0
2	5	174,79	54	0 47 55 63 71 79 80 72 64 56 45 0
3	1	170,71	54	0 85 93 101 109 117 120 112 104 96 88 0
3	2	170,71	54	0 81 89 97 105 113 116 108 100 92 84 0
3	3	170,71	54	0 83 91 99 107 115 114 106 98 90 82 0
3	4	170,71	54	0 87 95 103 111 119 118 110 102 94 86 0
4	1	170,71	54	0 128 136 144 152 160 157 149 141 133 125 0
4	3	170,71	54	0 121 129 137 145 153 156 148 140 132 124 0
4	4	170,71	54	0 126 134 142 150 158 159 151 143 135 127 0
4	5	170,71	54	0 123 131 139 147 155 154 146 138 130 122 0
