5601,39
1	1	216,08	60	0 5 13 8 20 36 33 25 17 9 0
1	2	295,88	60	0 6 15 23 31 32 37 27 35 240 34 26 18 10 2 0
1	3	314,49	60	0 12 28 14 22 30 38 65 39 24 21 11 3 1 0
2	1	134,69	58	0 46 55 48 50 58 49 41 0
2	2	252,27	60	0 45 56 64 63 71 70 78 76 60 42 0
2	3	424,88	60	0 44 52 68 73 57 66 51 67 75 77 79 62 54 47 0
2	4	356,50	59	0 74 7 4 19 29 16 59 69 61 53 0
3	1	419,17	60	0 93 101 109 104 112 120 119 111 103 102 110 118 80 72 116 97 114 106 98 90 0
3	2	247,93	59	0 86 92 100 108 43 113 105 89 82 0
3	3	86,50	52	0 87 95 94 84 81 0
3	4	190,91	60	0 83 91 99 107 115 117 96 88 85 0
4	1	136,77	43	0 126 132 140 148 156 137 121 0
4	2	199,60	60	0 123 128 135 158 40 150 142 134 127 0
4	3	256,77	57	0 143 151 159 160 152 144 136 157 149 141 133 130 122 0
4	4	429,76	59	0 124 129 145 153 198 196 188 180 164 165 187 195 197 0
4	5	372,78	59	0 138 146 154 199 191 183 178 194 173 189 192 200 155 147 139 131 125 0
5	1	128,93	60	0 162 170 163 171 179 181 168 0
5	2	194,71	45	0 166 172 186 193 185 177 169 161 0
5	3	179,42	50	0 167 176 184 175 190 182 174 0
6	1	114,14	60	0 202 203 211 213 216 215 0
6	2	296,08	59	0 221 229 237 232 224 223 231 239 238 230 222 214 206 201 0
6	3	313,14	60	0 219 227 235 234 226 218 210 209 217 225 233 236 228 220 212 204 0
6	4	40,00	36	0 207 208 205 0
