4444,82
1	1	190,71	54	0 1 3 11 19 27 35 37 29 21 13 0
1	2	195,84	56	0 7 15 23 31 39 75 158 40 32 24 16 8 0
1	3	188,93	58	0 4 20 28 36 38 30 22 14 6 5 0
1	4	193,42	51	0 12 9 17 25 33 238 34 26 18 10 2 0
2	1	144,85	52	0 45 53 61 69 77 116 64 56 48 0
2	2	147,80	53	0 43 51 59 67 74 66 58 50 42 0
2	3	170,71	54	0 46 54 62 70 78 79 71 63 55 47 0
2	4	170,71	54	0 44 52 60 68 76 73 65 57 49 41 0
3	1	170,71	54	0 88 96 104 112 120 117 109 101 93 85 0
3	2	187,65	50	0 86 94 102 110 118 80 72 95 87 0
3	3	194,71	48	0 83 91 99 107 115 159 89 81 0
3	4	100,00	7	0 103 111 119 0
3	5	199,91	60	0 82 90 98 106 114 113 105 97 108 100 92 84 0
4	1	174,79	54	0 125 133 141 149 157 160 152 144 136 127 0
4	2	94,05	38	0 126 135 143 151 128 0
4	3	160,16	53	0 121 132 140 148 156 150 142 134 124 0
4	4	168,93	60	0 122 129 137 145 146 138 130 131 123 0
5	1	170,71	54	0 162 170 178 186 194 193 185 177 169 161 0
5	2	170,71	54	0 163 171 179 187 195 197 189 181 173 165 0
5	3	170,71	54	0 164 172 180 188 196 198 190 182 174 166 0
5	4	158,81	28	0 155 200 192 184 176 168 0
5	5	190,82	34	0 167 175 183 191 199 154 139 147 0
6	1	195,68	55	0 208 216 224 232 240 153 239 231 223 215 207 0
6	2	196,77	54	0 201 209 217 225 233 234 226 218 213 205 0
6	3	147,80	53	0 206 214 222 230 236 228 220 212 204 0
6	4	188,93	54	0 203 221 229 237 235 227 219 211 210 202 0
