4343,38
1	1	170,71	54	0 8 16 24 32 40 37 29 21 13 5 0
1	3	161,29	54	0 6 14 22 30 74 39 31 23 15 7 0
1	4	170,71	54	0 1 9 17 25 33 36 28 20 12 4 0
1	5	170,71	54	0 3 11 19 27 35 34 26 18 10 2 0
2	1	174,56	54	0 41 49 57 65 73 38 66 58 50 42 0
2	2	170,71	54	0 44 52 60 68 76 78 70 62 54 46 0
2	3	170,71	54	0 48 56 64 72 80 79 71 63 55 47 0
2	5	161,70	53	0 43 51 59 67 75 69 61 53 45 0
3	1	170,71	42	0 89 97 105 113 114 106 98 90 82 0
3	2	120,00	28	0 84 92 100 108 116 77 0
3	3	170,71	54	0 83 91 99 107 115 117 109 101 93 85 0
3	4	170,71	34	0 94 102 110 118 119 111 103 87 0
3	5	177,30	59	0 88 96 104 112 120 95 86 81 0
4	2	170,71	58	0 123 131 139 147 155 154 146 138 130 122 0
4	3	170,71	54	0 125 133 141 149 157 160 152 144 136 128 0
4	4	170,71	50	0 126 134 142 150 158 159 151 143 135 127 0
4	5	170,71	54	0 121 129 137 145 153 156 148 140 132 124 0
5	1	170,71	54	0 167 175 183 191 199 198 190 182 174 166 0
5	2	170,71	54	0 165 173 181 189 197 200 192 184 176 168 0
5	3	170,71	54	0 161 169 177 185 193 196 188 180 172 164 0
5	4	170,71	54	0 163 171 179 187 195 194 186 178 170 162 0
6	1	170,71	54	0 205 213 221 229 237 240 232 224 216 208 0
6	2	176,73	35	0 211 219 227 235 215 207 0
6	3	120,00	19	0 202 239 231 223 0
6	4	178,99	54	0 201 209 217 225 233 234 226 218 210 203 0
6	5	170,71	54	0 204 212 220 228 236 238 230 222 214 206 0
