8852,59
1	1	271,47	60	0 6 34 33 36 28 12 1 18 10 0
1	2	166,41	56	0 3 11 2 20 22 14 15 0
1	3	254,56	42	0 5 13 21 35 37 40 32 24 16 8 0
2	1	276,49	57	0 41 49 57 65 73 68 76 78 70 62 54 60 52 0
2	2	66,50	55	0 44 46 55 45 0
2	3	218,58	58	0 47 48 63 71 79 56 64 72 61 51 43 0
2	4	230,71	46	0 53 69 77 116 59 67 75 74 66 58 50 42 0
3	1	413,07	60	0 95 111 119 110 94 108 89 97 105 113 114 106 98 115 107 99 91 0
3	2	96,57	60	0 93 83 90 81 92 84 0
3	3	342,82	60	0 82 101 109 117 120 112 104 96 103 118 80 102 100 86 0
3	4	40,00	36	0 85 88 87 0
4	1	198,10	45	0 127 129 137 145 153 138 146 123 0
4	2	182,33	54	0 125 143 151 159 160 152 144 136 128 0
4	3	190,71	58	0 132 140 148 156 158 150 142 134 126 135 0
4	4	248,48	59	0 133 141 149 157 131 139 147 155 154 130 122 121 124 0
5	1	594,07	60	0 166 188 235 219 211 202 209 231 240 190 191 199 200 197 195 187 0
5	2	281,90	56	0 163 171 179 194 186 178 170 169 177 185 193 237 196 0
5	3	140,64	40	0 167 176 184 192 189 181 173 0
5	4	345,08	60	0 204 214 239 232 198 182 174 183 175 168 0
5	5	86,50	60	0 164 172 180 161 162 165 0
6	1	114,05	50	0 205 213 221 229 224 216 208 0
6	2	231,05	56	0 218 225 217 201 212 228 222 215 207 0
7	1	502,04	60	0 249 274 259 233 234 226 210 227 203 277 272 271 263 248 0
7	2	273,17	57	0 242 253 236 220 206 223 230 238 280 264 256 0
7	3	139,91	54	0 243 250 266 257 260 252 244 0
7	4	170,71	48	0 247 255 279 278 270 262 254 246 0
7	5	320,77	47	0 245 261 269 275 267 251 258 273 265 276 268 241 0
8	1	508,51	59	0 309 30 39 31 23 4 9 17 25 315 307 299 314 306 290 313 316 308 0
8	2	456,52	57	0 301 317 7 29 27 19 26 291 298 297 305 284 0
8	3	300,97	59	0 286 295 302 310 318 353 311 319 320 38 312 304 296 288 0
8	4	54,14	44	0 282 283 293 285 0
8	5	133,01	56	0 281 289 292 300 294 303 287 0
9	1	161,29	46	0 326 334 332 345 329 330 0
9	2	201,94	58	0 322 325 333 336 360 352 359 351 343 335 0
9	3	175,63	52	0 323 331 339 328 327 342 0
9	4	463,89	59	0 347 355 341 349 357 344 350 358 356 348 340 337 354 346 338 321 324 0
