17420,85
1	2	141,24	36	0 3 9 23 4 0
1	3	165,27	48	0 7 1 12 8 22 0
1	4	580,06	48	0 20 5 11 28 29 13 32 19 18 36 38 0
1	5	1153,91	48	0 30 10 37 24 26 27 34 15 39 25 21 31 33 16 35 40 0
2	2	407,80	36	0 45 68 63 77 56 49 78 0
2	3	343,50	60	0 48 54 43 69 61 41 50 75 74 0
2	4	576,29	60	0 59 42 51 67 44 62 71 70 55 72 66 65 0
2	5	697,46	60	0 52 46 79 53 57 64 58 47 60 73 76 80 0
3	1	190,99	12	0 92 108 113 114 0
3	2	189,75	54	0 84 88 93 99 106 90 95 0
3	3	525,51	57	0 85 94 107 115 100 86 102 110 101 117 120 112 104 0
3	4	227,71	60	0 89 83 81 82 109 96 111 103 0
3	5	452,67	33	0 97 105 87 98 91 118 116 119 0
4	1	332,06	36	0 6 14 17 2 0
4	2	134,05	46	0 133 131 146 138 125 128 0
4	3	234,47	60	0 123 132 121 130 129 136 140 0
4	4	638,99	52	0 134 142 143 127 122 149 154 160 152 145 156 158 151 0
4	5	898,89	58	0 141 157 135 159 153 126 137 144 150 139 147 124 148 155 0
5	2	375,02	36	0 163 179 199 198 161 191 184 0
5	3	223,04	60	0 170 166 175 167 164 177 183 0
5	4	1024,71	60	0 186 172 181 200 169 174 192 195 197 182 171 190 194 173 188 0
5	5	583,60	60	0 187 180 162 165 168 178 185 193 189 196 176 0
6	1	188,28	44	0 207 231 215 223 229 213 210 0
6	2	182,24	58	0 202 201 208 216 230 222 214 0
6	3	338,33	48	0 205 211 219 227 235 204 220 217 237 0
6	4	652,20	30	0 209 225 233 221 226 234 236 239 228 238 240 232 224 0
7	1	268,80	36	0 212 206 203 218 0
7	2	188,44	36	0 248 260 258 251 256 0
7	3	350,95	60	0 245 243 255 242 265 249 263 267 0
7	4	651,63	60	0 247 253 252 261 277 275 259 273 244 257 272 266 274 0
7	5	725,28	60	0 241 268 262 250 278 270 271 254 246 264 276 280 269 279 0
8	2	209,75	36	0 281 310 296 311 288 0
8	3	450,72	60	0 308 300 290 282 286 293 294 319 302 315 0
8	4	384,41	60	0 284 295 297 285 299 283 309 304 306 0
8	5	891,88	60	0 317 312 314 291 307 287 303 298 305 316 292 289 313 301 320 318 0
9	1	170,71	38	0 323 331 347 355 354 346 322 0
9	2	353,78	36	0 321 350 337 352 327 340 0
9	3	372,48	56	0 342 336 325 330 332 338 349 333 348 0
9	4	452,53	58	0 344 345 353 335 351 324 326 328 357 339 0
9	5	491,46	28	0 356 343 341 334 329 358 359 360 0
