14762,90
1	1	403,05	34	0 142 127 130 155 154 146 137 148 0
1	2	118,42	36	0 4 16 5 21 0
1	3	443,23	60	0 2 7 13 31 10 9 33 17 39 18 0
1	5	532,10	60	0 12 3 15 32 19 8 6 38 35 0
2	1	511,58	60	0 319 310 316 305 284 283 285 293 301 309 317 312 320 0
2	2	287,31	32	0 43 45 76 73 59 67 0
2	3	173,65	44	0 53 47 50 52 51 0
2	4	240,92	33	0 48 60 62 41 77 0
2	5	365,16	47	0 46 75 65 54 55 44 61 0
3	1	511,41	60	0 80 72 64 56 63 71 79 70 78 68 57 49 42 58 66 74 69 0
3	2	273,85	58	0 85 96 112 120 119 111 103 94 100 95 92 0
3	3	620,84	60	0 87 82 106 105 115 107 91 81 118 110 117 99 116 0
3	4	411,22	60	0 101 84 89 102 86 97 108 93 104 109 0
3	5	222,85	38	0 113 98 114 90 83 88 0
4	1	381,62	60	0 138 199 191 200 192 184 173 183 175 166 172 182 190 0
4	2	284,63	42	0 126 134 150 158 145 153 140 123 0
4	3	285,06	53	0 131 139 147 156 132 124 125 141 149 0
4	4	176,86	43	0 121 129 135 143 151 159 133 0
4	5	181,70	40	0 122 157 160 152 144 136 128 0
5	1	114,98	28	0 174 167 171 0
5	2	178,19	55	0 164 165 179 187 195 178 170 162 0
5	3	141,42	18	0 177 185 168 0
5	4	444,24	54	0 169 176 163 189 161 180 188 193 197 181 0
5	5	244,74	5	0 194 186 196 198 0
6	1	173,42	51	0 211 210 201 204 239 231 215 0
6	2	399,41	60	0 208 207 219 203 206 222 225 232 0
6	3	169,71	14	0 230 224 216 0
6	4	213,67	31	0 217 233 229 221 213 205 0
6	5	965,12	60	0 220 237 223 212 214 218 209 202 228 235 240 238 227 226 234 236 0
7	2	193,65	36	0 245 244 250 269 271 0
7	3	632,49	60	0 243 254 251 241 262 255 266 270 276 278 279 277 0
7	4	469,40	60	0 246 248 264 242 252 274 268 253 273 0
7	5	699,61	60	0 257 265 247 258 263 272 261 260 249 256 275 267 259 280 0
8	1	482,46	60	0 303 30 14 23 37 27 26 1 20 304 294 286 0
8	2	271,64	27	0 282 292 311 298 315 0
8	3	216,21	41	0 287 281 288 313 297 0
8	4	800,66	60	0 302 36 28 22 40 24 29 11 34 25 307 299 289 290 308 318 306 314 0
8	5	178,19	28	0 291 296 300 295 0
9	1	232,92	22	0 348 356 334 360 352 336 0
9	2	207,86	32	0 343 337 322 329 338 0
9	3	310,94	58	0 321 324 333 325 342 350 358 344 359 351 0
9	4	485,79	44	0 323 345 353 354 346 341 340 349 357 331 339 347 355 0
9	5	110,71	60	0 330 332 326 335 328 327 0
