6242.05
1	1	217.91	492	0 165 6 243 52 162 181 201 158 0
1	2	280.98	495	0 117 212 247 149 94 218 246 199 44 0
1	3	190.48	494	0 48 128 216 144 239 156 63 200 23 0
1	4	188.76	437	0 169 236 120 161 46 187 45 143 174 0
1	5	271.53	484	0 97 75 67 51 147 134 60 109 110 210 240 0
1	6	305.36	500	0 111 116 126 141 208 192 119 86 151 77 107 196 0
1	7	305.28	497	0 171 179 152 184 245 88 50 91 93 14 98 0
1	8	235.64	494	0 92 178 227 29 176 219 15 16 37 22 0
1	11	277.70	497	0 41 20 105 59 85 222 25 180 0
1	12	279.25	499	0 132 159 127 40 24 78 32 136 233 102 0
2	1	266.31	492	0 198 73 112 135 38 55 47 66 131 203 0
2	2	285.22	487	0 214 56 242 223 195 173 83 150 106 153 114 0
2	3	164.46	487	0 230 220 125 224 157 225 0
2	4	232.27	500	0 148 189 248 167 13 238 42 113 235 82 64 0
2	5	168.53	414	0 137 228 53 65 206 217 2 0
2	6	186.13	495	0 249 177 69 190 163 36 183 58 0
2	9	239.63	494	0 170 27 54 18 204 96 8 3 123 118 237 62 122 0
2	10	257.00	493	0 101 57 10 80 103 17 226 84 146 241 11 193 0
2	11	264.00	433	0 43 39 175 168 194 197 89 121 9 26 0
3	1	297.84	447	0 234 31 221 191 166 172 164 160 154 0
3	2	307.87	497	0 186 104 72 5 12 124 49 90 211 139 231 68 0
3	3	299.60	496	0 244 145 21 215 213 207 30 133 130 205 33 0
3	4	242.50	425	0 142 99 87 95 7 140 74 185 19 0
3	5	232.80	498	0 209 115 81 4 188 28 35 182 34 76 155 108 70 0
3	6	245.00	500	0 100 138 79 61 129 71 229 1 202 232 0
