5898,43
1	1	128,48	51	0 1 9 17 36 28 20 12 4 0
1	2	114,05	56	0 8 16 24 29 21 13 5 0
1	3	196,08	58	0 7 15 23 31 39 74 65 73 38 30 22 14 6 0
1	4	196,08	52	0 2 10 18 26 34 239 232 240 35 27 19 11 3 0
2	1	114,05	50	0 44 52 60 68 57 49 41 0
2	2	188,93	55	0 46 54 62 70 360 78 79 71 63 55 47 0
2	3	184,85	56	0 42 50 58 66 32 40 75 67 59 51 43 0
2	4	196,08	58	0 45 53 61 69 77 116 110 118 80 72 64 56 48 0
3	1	182,43	50	0 93 96 104 112 120 119 111 103 95 87 0
3	2	185,67	60	0 86 94 102 108 100 97 106 98 90 82 0
3	3	68,28	40	0 81 89 92 84 0
3	4	160,16	57	0 85 88 101 109 117 107 99 91 83 0
4	1	188,93	55	0 128 136 144 152 115 160 157 149 141 133 125 0
4	2	199,92	56	0 121 129 137 145 198 153 37 156 148 140 132 124 0
4	3	196,08	58	0 127 135 143 151 159 114 105 113 158 150 142 134 126 0
4	4	196,08	58	0 123 131 139 147 155 200 192 199 154 146 138 130 122 0
5	1	114,05	50	0 161 169 177 188 180 172 164 0
5	2	128,48	51	0 165 173 181 189 197 184 176 168 0
5	3	136,57	52	0 167 175 183 191 190 182 174 166 0
5	4	170,71	54	0 162 170 178 186 194 195 187 179 171 163 0
6	1	128,48	51	0 201 209 217 234 226 218 210 202 0
6	2	196,08	58	0 205 213 221 229 237 196 185 193 235 227 219 211 203 0
6	3	174,56	54	0 204 212 220 228 280 238 230 222 214 206 0
6	4	114,05	50	0 207 215 223 231 224 216 208 0
7	1	196,08	58	0 243 251 259 267 275 233 225 236 277 269 261 253 245 0
7	2	170,71	54	0 242 250 258 266 274 273 265 257 249 241 0
7	3	136,57	52	0 248 256 264 272 271 263 255 247 0
7	4	128,48	51	0 246 254 262 276 268 260 252 244 0
8	1	132,56	51	0 287 294 302 316 308 300 292 284 0
8	2	189,57	57	0 283 291 299 307 315 33 25 317 309 301 293 285 0
8	3	196,08	58	0 282 290 298 306 314 279 270 278 313 305 297 289 281 0
8	4	144,85	52	0 286 295 303 311 312 304 296 288 0
9	1	168,44	53	0 326 334 343 351 359 352 344 336 328 0
9	2	199,92	56	0 323 331 339 347 320 355 76 357 349 341 333 325 0
9	3	196,08	58	0 321 329 337 345 353 318 310 319 354 346 338 330 322 0
9	4	179,91	54	0 327 335 342 350 358 356 348 340 332 324 0
