5224,26
1	1	51,62	182	0 92 178 0
1	2	226,68	452	0 41 109 20 158 147 127 24 78 32 105 0
1	3	203,14	449	0 23 63 50 245 94 86 151 88 77 45 0
1	4	194,96	483	0 243 181 162 75 67 51 60 110 210 0
1	5	268,20	488	0 37 169 52 219 176 201 159 134 29 227 0
1	6	198,29	497	0 120 22 216 192 184 46 187 143 98 0
1	7	193,80	460	0 14 107 212 247 91 93 161 174 196 0
1	8	255,27	497	0 117 240 149 119 239 156 200 236 0
1	9	214,33	497	0 85 222 165 6 15 102 16 116 126 141 25 44 0
1	10	226,73	498	0 132 97 40 226 136 233 59 171 0
1	12	217,86	499	0 48 128 179 180 218 144 152 208 246 199 111 0
2	1	136,56	446	0 193 241 225 242 38 223 43 157 235 11 0
2	2	195,41	464	0 148 26 58 183 173 73 96 213 112 125 0
2	3	165,22	491	0 230 220 36 217 198 204 195 170 0
2	4	222,40	464	0 13 167 248 121 106 150 206 137 0
2	5	272,75	497	0 238 80 113 103 66 47 55 17 175 56 39 84 146 122 0
2	6	86,13	331	0 224 177 69 163 64 0
2	7	191,89	489	0 82 249 62 237 135 3 118 123 190 8 27 0
2	8	165,30	500	0 101 214 42 197 168 194 10 131 57 203 0
2	9	191,22	496	0 2 83 228 53 65 189 89 153 9 114 0
3	1	288,39	496	0 172 215 104 74 7 160 35 28 164 140 186 21 0
3	2	172,79	496	0 209 138 19 166 207 54 18 30 79 33 0
3	3	171,74	494	0 81 4 95 87 154 76 155 232 142 234 0
3	4	256,13	445	0 115 34 182 188 145 12 49 61 211 0
3	5	232,90	499	0 99 70 108 244 100 90 129 130 124 133 5 191 0
3	9	224,54	498	0 68 231 202 139 1 229 71 31 205 221 185 72 0
