2731,00
1	1	196,08	58	0 5 13 21 29 37 156 145 153 35 27 19 11 3 0
1	2	170,71	54	0 1 9 17 25 33 34 26 18 10 2 0
1	3	188,93	55	0 6 14 22 30 73 38 36 28 20 12 4 0
1	4	188,93	55	0 8 16 24 32 158 40 39 31 23 15 7 0
2	1	147,80	53	0 41 49 57 65 74 66 58 50 42 0
2	2	142,62	55	0 44 47 63 71 79 64 56 48 0
2	3	190,71	50	0 52 60 68 76 78 70 62 54 55 46 0
2	4	198,99	60	0 45 53 61 69 97 105 113 75 67 59 51 43 0
3	1	96,57	40	0 83 91 89 81 0
3	2	196,08	58	0 84 92 100 108 116 77 72 80 118 110 102 94 86 0
3	3	191,43	60	0 82 90 98 106 114 99 107 117 109 101 93 85 0
3	4	170,71	54	0 88 96 104 112 120 119 111 103 95 87 0
4	1	132,27	54	0 125 121 129 137 148 140 132 0
4	2	194,79	55	0 127 128 136 144 152 115 160 157 149 141 133 0
4	3	153,66	49	0 124 126 134 142 150 159 151 143 135 0
4	4	170,71	54	0 123 131 139 147 155 154 146 138 130 122 0
