2863,67
1	1	170,71	54	0 1 9 17 25 33 36 28 20 12 4 0
1	2	170,71	54	0 5 13 21 29 37 40 32 24 16 8 0
1	3	161,29	54	0 7 15 23 31 39 74 30 22 14 6 0
1	4	170,71	54	0 2 10 18 26 34 35 27 19 11 3 0
2	1	170,71	54	0 43 51 59 67 75 77 69 61 53 45 0
2	2	174,56	54	0 41 49 57 65 73 38 66 58 50 42 0
2	3	170,71	54	0 47 55 63 71 79 80 72 64 56 48 0
2	4	170,71	54	0 44 52 60 68 76 78 70 62 54 46 0
3	1	170,71	54	0 85 93 101 109 117 120 112 104 96 88 0
3	2	160,00	34	0 82 98 106 114 159 151 143 90 0
3	3	177,87	51	0 83 91 99 119 111 103 95 87 0
3	4	170,71	54	0 84 92 100 108 116 118 110 102 94 86 0
3	5	175,48	30	0 81 89 97 105 113 158 150 0
4	1	178,88	50	0 128 136 144 152 160 115 107 135 127 0
4	2	170,71	54	0 121 129 137 145 153 154 146 138 130 122 0
4	3	170,71	54	0 125 133 141 149 157 155 147 139 131 123 0
4	1	128,48	51	0 126 134 142 156 148 140 132 124 0
