4337,74
1	1	86,50	60	0 1 2 3 21 13 5 0
1	2	186,25	54	0 4 12 20 28 36 9 17 34 26 18 10 0
1	3	210,60	60	0 7 15 23 31 50 32 24 16 8 0
1	4	56,57	20	0 14 6 0
2	1	60,00	60	0 47 46 44 41 42 0
2	2	262,82	56	0 58 66 74 39 22 30 38 73 65 57 49 76 68 60 52 0
2	3	276,49	57	0 55 63 54 62 70 78 71 79 80 72 64 56 48 0
2	4	201,54	45	0 43 51 59 67 75 40 158 77 69 61 53 45 0
3	1	266,70	59	0 90 98 106 114 99 107 160 115 117 109 101 93 96 88 87 0
3	2	80,64	56	0 85 83 91 82 81 0
3	3	48,28	43	0 86 92 84 0
3	4	404,77	59	0 89 97 105 113 116 108 100 94 102 110 118 111 119 120 112 104 103 95 0
4	1	153,66	57	0 127 143 151 159 150 142 134 126 124 0
4	2	167,80	49	0 128 133 141 149 157 152 144 136 135 0
4	3	299,39	60	0 132 140 148 156 37 29 11 19 27 35 240 198 190 182 153 145 137 122 0
4	4	102,43	60	0 125 123 131 130 129 121 0
5	1	218,99	60	0 168 176 184 192 200 155 147 139 138 146 154 199 191 183 175 167 0
5	2	105,37	47	0 163 197 189 181 173 165 0
5	3	114,05	56	0 166 174 161 169 170 162 0
5	4	298,99	60	0 164 172 180 188 196 193 185 177 178 186 194 195 187 179 171 0
6	1	170,71	54	0 201 209 217 225 233 234 226 218 210 202 0
6	2	269,09	59	0 207 215 214 222 230 238 33 25 239 231 223 232 224 216 0
6	3	125,37	51	0 208 206 236 228 220 212 204 0
6	4	170,71	54	0 205 213 221 229 237 235 227 219 211 203 0
