4517,14
1	1	141,94	46	0 24 32 23 15 6 7 0
1	2	150,71	58	0 5 13 21 29 11 19 18 10 3 0
1	3	191,36	50	0 8 16 31 39 38 30 22 14 4 0
1	4	176,57	54	0 2 1 9 17 25 33 36 28 20 12 0
2	1	147,80	49	0 42 50 58 66 74 67 59 51 43 0
2	2	188,93	58	0 45 41 49 57 65 73 76 68 60 52 44 0
2	3	196,08	44	0 48 56 64 72 80 118 110 116 77 69 61 53 0
2	4	170,71	60	0 47 55 63 71 79 78 70 62 54 46 0
3	1	199,42	59	0 85 83 106 142 105 97 89 81 0
3	1	152,56	55	0 82 90 98 91 99 117 109 101 93 0
3	2	149,02	46	0 87 95 120 112 104 96 88 0
3	3	178,32	51	0 84 92 100 108 102 119 111 103 94 86 0
4	1	170,71	42	0 122 130 138 146 154 155 147 139 131 0
4	2	196,08	46	0 135 143 151 159 114 107 115 160 152 144 136 128 0
4	3	194,30	57	0 124 132 140 148 156 37 27 153 145 137 129 121 0
4	4	181,42	38	0 126 134 150 158 40 75 113 127 0
4	5	105,37	39	0 125 133 141 149 157 123 0
5	1	147,80	49	0 164 172 180 188 196 185 177 169 161 0
5	2	147,80	45	0 167 175 183 191 199 190 182 174 0
5	3	170,71	42	0 168 176 184 192 200 197 189 165 0
5	4	124,97	39	0 166 194 186 178 170 162 0
5	5	154,56	39	0 173 181 195 187 179 171 163 0
6	1	166,92	55	0 201 220 238 230 222 214 206 204 0
6	2	182,43	46	0 212 228 236 233 225 217 209 210 202 0
6	3	195,84	44	0 213 221 229 237 198 35 240 232 224 216 208 0
6	4	140,00	30	0 207 215 223 231 239 26 34 0
6	5	194,79	47	0 205 203 211 219 227 193 235 234 226 218 0
