4369.02
1	1	170.71	54	0 2 10 18 26 34 35 27 19 11 3 0
1	2	178.99	54	0 6 12 20 28 36 33 25 17 9 1 0
1	3	174.79	54	0 7 15 23 31 39 38 30 22 14 4 0
1	4	170.71	54	0 5 13 21 29 37 40 32 24 16 8 0
2	1	178.99	54	0 46 54 62 70 78 79 71 63 55 48 0
2	2	144.74	27	0 56 64 72 80 47 0
2	3	170.71	50	0 41 49 57 65 73 76 68 60 52 0
2	4	170.71	46	0 43 51 59 67 75 74 66 58 50 42 0
2	5	140.00	40	0 44 45 53 61 69 77 116 0
3	1	170.71	54	0 87 95 103 111 119 118 110 102 94 86 0
3	2	20.00	12	0 82 0
3	3	170.71	42	0 88 96 104 112 120 117 109 101 93 0
3	4	176.57	54	0 85 83 91 99 107 115 114 106 98 90 0
3	5	161.70	53	0 84 92 100 108 113 105 97 89 81 0
4	1	170.71	54	0 122 130 138 146 154 153 145 137 129 121 0
4	2	178.99	54	0 123 131 139 147 155 157 149 141 133 128 0
4	3	170.71	54	0 124 132 140 148 156 158 150 142 134 126 0
4	4	174.79	54	0 125 136 144 152 160 159 151 143 135 127 0
5	1	116.57	27	0 178 194 186 171 163 0
5	2	178.99	54	0 168 175 183 191 199 198 190 182 174 166 0
5	3	144.74	27	0 176 184 192 200 167 0
5	4	179.91	54	0 165 173 181 189 197 195 187 179 170 162 0
5	5	170.71	54	0 161 169 177 185 193 196 188 180 172 164 0
6	1	170.71	54	0 205 213 221 229 237 235 227 219 211 203 0
6	2	170.71	54	0 208 216 224 232 240 239 231 223 215 207 0
6	3	170.71	54	0 206 214 222 230 238 236 228 220 212 204 0
6	4	170.71	54	0 201 209 217 225 233 234 226 218 210 202 0
