6488,22
1	1	170,71	54	0 1 9 17 25 33 36 28 20 12 4 0
1	2	170,71	54	0 7 15 23 31 39 38 30 22 14 6 0
1	3	170,71	54	0 5 13 21 29 37 40 32 24 16 8 0
1	4	170,71	54	0 2 10 18 26 34 35 27 19 11 3 0
2	1	170,71	54	0 46 54 62 70 78 79 71 63 55 47 0
2	2	170,71	54	0 45 53 61 69 77 80 72 64 56 48 0
2	3	178,99	54	0 41 50 58 66 74 75 67 59 51 43 0
2	5	174,79	54	0 42 49 57 65 73 76 68 60 52 44 0
3	1	170,71	54	0 88 96 104 112 120 119 111 103 95 87 0
3	2	170,71	54	0 84 92 100 108 116 118 110 102 94 86 0
3	3	170,71	54	0 82 90 98 106 114 113 105 97 89 81 0
3	4	170,71	54	0 83 91 99 107 115 117 109 101 93 85 0
4	1	162,51	39	0 127 158 150 142 134 122 0
4	2	170,71	54	0 125 133 141 149 157 155 147 139 131 123 0
4	3	176,57	54	0 124 121 129 137 145 153 154 146 138 130 0
4	4	100,00	15	0 132 140 148 156 0
4	5	178,99	54	0 126 135 143 151 159 160 152 144 136 128 0
5	1	176,57	46	0 183 191 199 198 190 182 174 166 164 0
5	2	100,00	15	0 196 188 180 172 0
5	3	177,30	43	0 163 171 179 187 195 173 175 0
5	4	170,71	54	0 161 169 177 185 193 194 186 178 170 162 0
5	5	176,57	58	0 167 168 176 184 192 200 197 189 181 165 0
6	1	170,71	54	0 202 210 218 226 234 233 225 217 209 201 0
6	1	170,71	54	0 203 211 219 227 235 237 229 221 213 205 0
6	3	170,71	54	0 206 214 222 230 238 236 228 220 212 204 0
6	4	170,71	54	0 208 216 224 232 240 239 231 223 215 207 0
7	1	170,71	54	0 247 255 263 271 279 278 270 262 254 246 0
7	2	170,71	54	0 244 252 260 268 276 273 265 257 249 241 0
7	3	170,71	54	0 248 256 264 272 280 277 269 261 253 245 0
7	5	170,71	54	0 243 251 259 267 275 274 266 258 250 242 0
8	1	170,71	54	0 282 290 298 306 314 315 307 299 291 283 0
8	2	170,71	42	0 286 294 302 310 318 319 311 303 295 0
8	3	170,71	54	0 284 292 300 308 316 313 305 297 289 281 0
8	4	20,00	12	0 285 0
8	5	176,57	54	0 287 288 296 304 312 320 317 309 301 293 0
9	1	170,71	54	0 325 333 341 349 357 355 347 339 331 323 0
9	2	170,71	54	0 328 336 344 352 360 359 351 343 335 327 0
9	3	105,37	27	0 330 338 346 354 321 0
9	4	141,42	27	0 350 358 342 334 326 0
9	5	174,79	54	0 324 332 340 348 356 353 345 337 329 322 0
